,median_home_price,vacancy_rates
0,0.17985349094844522,0.9468241789884075
1,-0.21284543254576085,-1.241792080520757
2,-0.5624027413121497,-1.8486812118008897
3,-0.3549435957373759,-1.800973918527945
4,0.31851876697218684,0.6319269314299848
5,0.8498977440805041,3.723881267720168
6,-0.3815286703925448,-1.5199125125777126
7,-0.16104613991302427,-1.5385447568471518
8,-0.5967838611193661,-3.2759122766531137
9,0.08441823168477394,0.4406359977414237
10,-0.07489607037669346,-0.5268860105015205
11,0.5210055231541526,1.1690714813255636
12,0.17281336195084623,1.2191427447916683
13,-0.06814660121290031,-0.8734790147247855
14,-0.9866407015615397,-4.124162687803656
15,1.3299610779433475,5.689930511948624
16,1.177800109846357,3.8812772717702844
17,0.1761657250536977,1.0314531806830027
18,-0.8660516480301825,-3.8300846801121486
19,-0.5264822781523759,-3.189679301474314
20,0.8359125879284963,3.526088246540144
21,-0.5999220638123381,-4.046418261686319
22,-0.1325674702322001,-1.5514315131710088
23,0.37575185023026714,0.7505562909861037
24,-0.13632405668465586,-0.7504247420883732
25,-0.18524918021150436,-1.6886592965060812
26,-0.6280234414545468,-3.0116835885174496
27,-0.07936681168070654,-1.5955305313378094
28,0.5456096692961576,1.97988914759119
29,-0.17571808386693583,-0.3316102807314753
30,-0.9754498275448081,-4.218691930607461
31,-0.34378362797201306,-2.5602452756676266
32,0.9924357903251545,3.2161004401402487
33,0.3727181169613708,3.16328680260483
34,0.6856178503660482,2.6076059870287107
35,-0.0615920931267647,-0.8592187279529675
36,-0.7546691433557167,-3.50508926874047
37,-0.5892229049331041,-1.1034062508742273
38,-0.19363221911244388,-1.0310164835236388
39,0.5424796703131654,1.9206576473772632
40,-1.0875489490093257,-5.400356729843184
41,1.2889247764311016,5.512829546070987
42,0.19272933305316228,0.9226445569879991
43,-1.6068515973430968,-8.282686208228053
44,0.7108090353355893,3.046345937505885
45,0.041154301253343156,-1.0345010171767615
46,-0.9418846487861796,-4.015396212745109
47,-1.1307511825262293,-5.38873745004328
48,0.607425912427771,2.5688060166524567
49,-0.091838694590017,-0.18122256124931757
50,0.7003619478429313,2.5722066217722657
51,0.3457144121675677,0.3555566051008663
52,1.0583948072588818,3.7317303438618246
53,0.4728697642609892,0.7109327483301284
54,0.29208191958200314,2.087991536360009
55,0.7475536583647047,3.4329100001199095
56,-0.16420304558147078,-0.48913070748459675
57,0.6495876456228019,3.0668918482275402
58,-0.0533238663158613,0.33205724800726155
59,-0.02805430888723045,-0.34947206151268106
60,-0.42498238977445857,-1.7079141574200873
61,0.8187251698074258,2.785138468498971
62,-0.566046302208366,-1.066343058026808
63,-0.6413399547127898,-3.7042481706083263
64,0.8777811455732911,4.279309126998751
65,0.21997934168331132,0.3176320716165706
66,0.3360644676757109,0.9819348578615228
67,-0.4665236137404831,-2.1114437407199333
68,-0.36356875685539036,-1.8385909291807194
69,-0.46570917505950366,-3.1164738275623467
70,0.49490946198532443,1.9818128410237772
71,0.16352685862010663,-0.03121534365205547
72,-0.028509751227187952,1.4524444181075287
73,0.22115540600075437,1.1289198677742316
74,-0.0006933392815813565,-0.024724073980390664
75,1.013153035371669,3.918287134423709
76,-1.1183143406743035,-4.764598728829524
77,0.3389409432822077,1.9500041206316985
78,-0.42448481783898256,-3.3190788341602744
79,-1.2096280311593288,-5.894691115001897
80,0.6749882684793457,3.9359778710892095
81,0.28766348291344085,0.7166029308775553
82,0.8180029253050952,3.7666602625181747
83,1.111333900036476,5.547280894592654
84,0.35586321383209546,0.990597218903457
85,-0.20867119495437203,-1.341133697618079
86,0.6451257892841215,2.339470727147219
87,0.01016259450403406,0.21953239062037624
88,-0.37867304255676987,-0.9746627928677765
89,-0.9601932096998658,-4.403146965259971
90,-0.40506898036320155,-3.300599077436555
91,0.11634843988738751,0.2803530820975289
92,0.441406746580871,2.593862588730098
93,0.07301105427943089,0.32164122637829384
94,-1.6962976200414959,-8.103272489286226
95,-0.41426182377199855,-1.1060705095258339
96,0.4649398223653172,1.1686875399323968
97,0.47997471920378765,4.526645410743772
98,-0.5004477499954934,-2.231181737768295
99,-1.205088636358553,-5.396624690019075
100,0.5519527437232173,3.1746694281651306
101,0.9106494962110702,4.617577683885292
102,0.38095410675478797,1.5761164298788657
103,-0.120732361465875,-0.40018279477339347
104,0.5794956829866865,3.4559718340014762
105,-0.1752842052907588,-0.4798064650311412
106,0.99243889676282,4.540489145901394
107,-0.773392940250947,-3.693053864848327
108,-0.8870988567840328,-4.808480307594302
109,-0.04049937986199601,-0.4332591364031074
110,-0.5674608071951986,-2.222270713809815
111,0.5044899492439506,2.2735546405671023
112,-0.5095521303742695,-1.711761223836176
113,-0.3712132051142186,-0.39620599560758696
114,0.8806419021513952,2.986955488251034
115,-0.12009965133686286,-0.20054217660627288
116,0.28784114664133664,0.1352907816110427
117,0.6671474063271196,3.026034106978303
118,0.33084045285164526,0.9309014703081231
119,-0.8478168015312354,-4.46714124234541
120,0.3530856238711081,1.1266889355165899
121,-0.9158953767490571,-4.382330948963565
122,0.3630412660124667,2.021690413766406
123,-0.016846286967056288,-0.04844232397088248
124,-0.25300217844267686,-1.471046977012752
125,0.09179758488086111,0.7363674146631667
126,-0.5144727741586945,-1.8407542644911545
127,-1.173009698597436,-5.9406288825458144
128,0.9258241318687535,2.4102891424880344
129,-0.13329508250333366,-1.675308501309662
130,0.0022714432819688195,-0.6488637994049239
131,-1.04940307991331,-5.074214901662008
132,-0.5092584017566383,-1.290107680867358
133,-0.10717343855369804,-0.25341568285445776
134,0.16124142668280847,1.2041965086082564
135,0.10058191522110206,0.5836847881399987
136,-0.35782847570316845,-1.1340464760920388
137,0.14832170574999634,0.43995252378263605
138,1.386442712926061,6.613983485267407
139,0.10689981698828792,-0.27241688910787637
140,-0.32197186765505265,0.3159078252874963
141,0.30986249035813396,0.23130756348979098
142,0.007108861324149356,0.3021546913561072
143,1.075634831653165,4.432794712377024
144,-0.051691470108800555,-0.9150783719056188
145,-0.8755290560015604,-3.2668756531192082
146,-0.11683907547081293,-1.104614465505695
147,0.1914521536310187,0.8904331395489988
148,0.3423217915034786,1.7889407842585785
149,0.1580815720787511,0.6935648045681694
150,-1.281950808044563,-5.798782586712922
151,-1.4919554702943896,-6.860085206381612
152,0.28372482694630957,0.10445172688715387
153,0.5997841086283534,2.829970257103597
154,0.3360567136808386,1.7438264517799962
155,-0.23235960398677577,-0.026037506954247336
156,-0.9198409270888718,-4.507622771895861
157,-0.01686372280768799,-1.0231545914141713
158,0.008478407256395452,-0.0020689142220574955
159,0.37699261183687,2.579796268756988
160,0.6066941955989898,3.433064938597322
161,-0.39067440481115223,-1.908791044796156
162,0.5227765232959964,2.9591130688321154
163,-4.940854078712622e-06,0.9014278943975303
164,0.5167081678206784,2.345167055238077
165,0.43247013175830906,1.8589400897853212
166,-0.2663261171711777,-0.7482116816151194
167,-1.3252023045749721,-6.239506508600671
168,-0.6583038042490126,-3.3173084968674837
169,-0.014992546438742859,0.015235075385340566
170,-0.2610490852442592,-1.5495455051008655
171,-0.6346214013325822,-1.798780199606878
172,-0.0374064363596887,-0.10035141715529583
173,0.05353506258982756,0.08303894253630098
174,-1.4616492312063925,-6.298302949642767
175,0.7150390027543841,1.4699452651639695
176,0.6657466513614314,4.262873270683853
177,1.3054237527362094,6.266292765510615
178,0.646081343628441,3.1460358049024606
179,-0.40624409285898816,-1.4039643460632365
180,0.11967266315908681,-0.22400894405608818
181,0.13114664417915028,0.5042422403754221
182,0.14273759798944774,0.8743694215784529
183,0.5621899398043342,2.7739073072697944
184,2.0399223727516786,9.181232209872498
185,0.8998027860586326,4.835033373156794
186,0.4532996694326649,1.7109506558044818
187,-0.5412168767028189,-3.235169169206106
188,-0.7061744172673733,-2.0419353551719404
189,0.26752299040925137,1.3935960464033748
190,-0.4506479711746063,-3.266113417536875
191,0.3166087748485944,0.7755424411881552
192,0.053931400327144455,-0.029656854360253254
193,0.4054147790282165,1.7634364539253256
194,0.1198118592578278,0.5284713605222597
195,0.35739788914328946,2.0051698778453027
196,0.10993121529630352,1.832158836772683
197,-0.1447000942845016,-0.2014376108892611
198,0.21973301336596449,0.2873360757585198
199,-0.9484072498149646,-2.530627151844313
200,0.13908587951052148,0.9580332169483774
201,-1.1276608490448967,-4.929086256648028
202,-0.3515582837066366,-2.3817084247266793
203,-1.0951568475975433,-5.458558223859489
204,1.2424253656344015,5.448458474252918
205,0.2849546887202125,1.1409759052229895
206,-0.0067796963575827455,0.4678436492484378
207,-0.9668135843995115,-4.946893276852079
208,0.3348689002831685,1.8335497743175782
209,-0.6717798585145974,-1.7552676171586956
210,-0.7606556696997012,-3.1084540407266474
211,-0.33170804246070856,-1.9018989570777878
212,-0.07266398718357162,0.7230104881112555
213,-0.4813390686806092,-2.018262347233521
214,0.9766756350503695,4.437448538664791
215,-1.353658119453596,-7.614175142563505
216,1.1186104080470407,4.243503148497602
217,-0.26949558591307904,-1.194267338532486
218,1.0304029951051286,4.057244717542958
219,1.0604455832313981,4.617806676930587
220,-1.355074865767527,-4.923668792801097
221,-0.21070518963440096,-0.6877125435465811
222,-0.5988907992422994,-1.6637102991636152
223,0.458646795624648,1.9687525582004735
224,-1.1812015166244998,-6.150070501302233
225,-0.3928993519279159,-3.320443053124138
226,-0.5817668406751049,-2.4477639371681805
227,0.2922193747633111,0.9046178389271182
228,-0.9243352073879076,-3.8579372943803834
229,-0.18910465575141178,-1.3084000108730582
230,-0.8501700513324727,-4.423484133807454
231,1.4549919404680223,6.25715101024824
232,-0.23281417152266543,-0.856121173046853
233,0.5615499192762214,2.421559625613607
234,-0.03818414370610609,0.40344536829922784
235,-1.2439710208775254,-5.998781695028372
236,0.09844080834026098,1.1568361681611792
237,-0.04163973342686151,1.0565857611349314
238,-0.1531447719152864,-0.012004137600051035
239,-1.0328174573435198,-4.354411507045776
240,0.9571596854482977,4.224679355568269
241,0.4897958614810835,1.3829793065866585
242,0.2685213358965014,2.531805663042743
243,-0.13319753618281913,-0.22350474345393323
244,0.001878034843265876,0.6277017151861747
245,0.09989922767020125,-0.03311434090907117
246,-0.48598199186767943,-1.2887768627530516
247,0.8959445180085138,3.461255857619814
248,1.0272907731543734,4.989491464295403
249,-0.8497172777267797,-3.906727456543882
250,0.527071211716157,1.3532356204044398
251,-0.8378705889068302,-3.662041959133883
252,0.9277916172473106,3.5687137648013065
253,0.4934915683289561,2.3627031237890215
254,0.03259922046304119,0.5362189694241155
255,-1.797482311680706,-6.925397456337018
256,-1.1060705290283577,-4.768478607207122
257,-0.03436276141629582,0.7263821702876136
258,-0.0026856053134522826,0.18711355628660137
259,0.3041340997652401,0.4086824239787036
260,-0.29916211586032104,-1.2629139985032067
261,-0.5648510201857124,-3.2560592804662063
262,0.9918589379833448,4.437370645586708
263,1.7587083181785466,7.819879269461365
264,-0.01002526325990698,-1.161377879678116
265,-0.09158731968728274,-0.5593140144499315
266,-0.157636433986046,-1.1861619336401037
267,-0.2358151063971575,-2.0276058208275956
268,-0.17041637965583206,0.5899064681156716
269,0.26059177839734854,1.4948482185383953
270,0.18620252212045357,1.0860931920717807
271,0.40085191163116884,1.5635949823409567
272,0.021010488784901526,1.4821271090983987
273,-0.2825624672071329,-2.4476386433478408
274,1.0318835011469387,5.443607638987009
275,1.0578725298956282,4.799104858855185
276,-0.6709617539222941,-1.7516480339805787
277,0.08969428388944048,-0.17667463822193186
278,-0.7590545083481332,-3.5263856945801066
279,-0.49021940670830483,-2.682059989535926
280,-0.6581083757197,-3.2668644375812823
281,1.3236720870595808,4.8306675385365265
282,0.22396122054921588,1.207766901528967
283,-0.5960076191152668,-3.120816340046436
284,-0.6485414784000835,-4.645141678946924
285,0.014931162721530842,-0.7151765978261495
286,-0.6360310852319611,-3.124737332722942
287,-0.4755297593567615,-2.352695093241917
288,0.23901637037107865,1.3299759885270723
289,0.16474312273725206,0.0979630401850462
290,0.346189401150001,1.0707029153767231
291,-1.0210645092233896,-4.9295762529453695
292,-1.0184619800265864,-4.922785904814386
293,0.6014551982940681,2.2999977924335377
294,0.34326972324633603,0.9880985844610445
295,-0.11909986709803451,-0.37080951553156205
296,0.01289446461985792,0.23025201112928417
297,-0.04771728036102309,-0.49365103161712875
298,-0.2493532128051191,-1.1315986051797495
299,-1.1246290286987946,-4.374383818808616
300,-1.4187869279817302,-6.371958716416669
301,0.9595915602798727,3.860657218319157
302,-0.46697626394738095,-2.95401881178731
303,0.9906228983389419,4.59403650762203
304,-0.010347653139761527,-0.4990044799482298
305,0.189474978070671,1.8625630553711494
306,0.661661479653256,2.7214384969753382
307,-1.559040253505651,-7.54614283723226
308,0.9054601545639935,2.982098456032256
309,0.584697208191491,3.083363124548171
310,-0.19455214515100158,-1.9387740532920053
311,-0.6994537414244228,-3.0961971840722824
312,0.6013874389392642,2.518429785727511
313,0.6966232379358639,2.604712172254706
314,0.9851942169329274,4.023075380169556
315,0.15297280712649516,0.5702964578685968
316,0.19265536306005093,1.1375845417063042
317,-0.9769641516212609,-3.359471384624729
318,0.2655171776427368,0.8516135023727183
319,0.0342036932185522,-1.9791197720427312
320,-0.1589458967667173,-1.8922062810224882
321,-0.07824694635970582,-0.1116183775900512
322,-0.01311681570945444,0.39801867293006266
323,0.6258882855349472,2.176090091172939
324,-0.7821180833617877,-3.6774092757579115
325,-0.5112307126368512,-1.940569023087567
326,-0.23057033460301168,-0.8691723914482354
327,0.9806288875022859,2.215612208430476
328,0.061942729638322,0.12373500397547804
329,0.20805970634596477,1.7879260623532787
330,-1.8567306317717451,-7.523885611896765
331,0.3436620214930234,0.5687278240532304
332,-0.11801478420761155,0.13180724858026138
333,-0.23228786168081403,-2.192789221388555
334,-0.006708338324467178,-1.1030106387235317
335,-0.2908277484703335,-0.6943386309539439
336,1.073413792179427,4.900597199002279
337,0.5415596459300127,3.1575225124808726
338,-0.6319028362746142,-2.6508019373607787
339,-0.09471668588981193,-1.2775133764755708
340,-0.2232350978935555,-1.567404722057439
341,-0.9654196583901424,-3.7668975095293877
342,0.8875551608120362,4.412777119047439
343,0.16404476915900845,0.5164343849964013
344,0.4561049850157895,2.737552669301248
345,-0.04644165102254699,0.05737451511067737
346,0.1435352619438692,0.0625720219913013
347,-0.7238919662842339,-2.1145803521248814
348,-1.0672597007230764,-5.016137751941423
349,-0.15168416585398237,-0.16160300561824192
350,0.4581391819365939,1.5639875656198483
351,-0.07372059703749682,-0.5647628848825641
352,-1.4126204286171407,-6.869896523682431
353,-0.37602972140099117,-2.50955485982562
354,0.8447312827188102,3.6001228335230477
355,-1.4420307845315974,-7.355275484071844
356,0.1394555874026709,0.9580994433642998
357,-0.1610262300448331,-0.7171638300215767
358,-0.1548753507583755,-0.5407826102342174
359,0.7070280959368719,3.1393700920486425
360,0.31974218726501513,1.0793267213137856
361,0.8314309421047203,4.3962392926849505
362,-0.13225481600321773,0.3824385428430225
363,-0.3478841979022102,-1.5711107947007914
364,-0.22012815111203918,-1.2677986545928992
365,0.34241284820472606,0.845198739000803
366,-0.4902176617601429,-2.0963405332938683
367,-1.608524842943967,-7.896735883472691
368,-0.6069118821666514,-4.199891676586184
369,-1.1847380041009572,-5.08803884318365
370,-0.7626187466372893,-2.8582453352842716
371,-0.39858326673494565,-2.5584020156697123
372,0.1634405659154052,0.2807130821830441
373,0.011818604536555418,0.14479641686178166
374,-0.6357658469928744,-1.7332862466314953
375,0.09037666843503897,0.5444644860751848
376,-0.8301434337511866,-3.7579261611319716
377,0.035456837766257354,-0.6766790202512307
378,-1.1599722650030773,-5.730140966018728
379,-1.0514995499405464,-6.43647632758155
380,0.21087647350328204,0.7388910580929673
381,-0.7657580847102319,-2.400775078807805
382,-0.07585896496368748,-0.4700465709580125
383,-1.1444727063704463,-6.000497142921432
384,0.2465799813037662,1.3803839666388913
385,-0.09832572841907199,0.4497531423941439
386,0.3614492436478833,1.322554528420958
387,-0.8076273860537815,-5.636805797928721
388,0.02352250948722628,-0.6930181620345928
389,0.49421288793746704,1.696179704581171
390,0.05006539234557917,0.6731873626422707
391,-0.016511183135786867,0.0053563422190888305
392,-0.4006990905904277,-2.205222793490179
393,-1.2960874794691937,-6.157934936666953
394,1.615514146128981,7.550681413569176
395,-0.9647172516120138,-4.051304098036314
396,-1.4984977897735743,-6.673112241079824
397,-1.3838193837633568,-5.700103252581113
398,1.5157496000897495,7.114837842211588
399,0.7159231175738041,3.517116304915238
400,-0.23516421662231346,-1.5370992905185679
401,-0.9143097308645374,-3.731023424858801
402,0.48492586681859834,2.59998756962396
403,0.2972462903623503,-0.24151201256621668
404,-0.6056598567865477,-3.3068478127880763
405,0.24600876522515314,1.892156938388648
406,0.8874272344352072,5.0095122378456605
407,1.0377279131571415,4.905867529535629
408,-0.1427918808952602,-0.7627589834361462
409,0.5215527629771,2.2310550964460463
410,-0.560742198053122,-1.6612495489469403
411,-0.26003031169162594,-2.109282191384946
412,-0.8723402762066453,-4.452120361881498
413,-0.44003041301317947,-1.8706018954935693
414,-0.5562743890420454,-2.9125906949843947
415,-0.7137079182647447,-2.7167537775361947
416,-0.27764816921019897,-0.7699816061400555
417,-0.03242217714189493,0.5027128941625882
418,0.26147703962456204,0.47258635691772855
419,-0.36984599457360284,-1.7244292687702156
420,-1.0638919770805815,-4.720501621752946
421,-0.05745918525218744,-0.6128225523587219
422,-0.43719245448097815,-2.829952252410972
423,-0.09051266866250832,0.757340964371825
424,-0.666311573889044,-2.5380327535178213
425,0.46313928529078197,2.204926632684673
426,0.19126409079975829,0.2804807173239977
427,-0.5759108132272198,-2.58012742808759
428,-0.6481080810089598,-1.9062260239726818
429,0.9519293929168795,4.145057433244268
430,-0.06852581883956846,-0.5269879314435332
431,0.4801529733210174,3.365209859518523
432,1.1465078648237887,6.183161592320829
433,-0.2606677245472384,-1.2193294377907116
434,-1.1012404979917294,-4.890152335743239
435,-0.2771691482187138,-1.5555927972157582
436,0.6412590802066489,3.244611597841018
437,-0.4617536139873226,-2.3377625310033276
438,-0.7680819167400504,-3.467699262013004
439,-0.03299484450887555,0.05462570637879052
440,1.9169017434343998,8.139811370868246
441,-0.9773938836490197,-3.8829725444842516
442,-0.39582348222636576,-2.1986257314213216
443,0.5167227775251226,2.7153552909238705
444,-0.239136075445763,-1.2221513047381594
445,0.8646047222084495,4.27692568956494
446,0.4609909005184089,1.6546468694122818
447,0.545966427772824,2.2770304937082715
448,0.19805851055239312,0.5122845470891784
449,0.22444493797714873,2.337879043151679
450,-0.1177010153742892,-0.25664522631678605
451,0.9210855760182345,3.0857342132891814
452,0.3449023761665229,1.7117096808588825
453,-0.33216429273011083,-0.845042345712839
454,-0.10531294874600856,-0.20823715385097913
455,-0.41356712516633154,-1.6805522084795095
456,-0.37383158608242034,-1.9508096638601635
457,-0.17382414263853488,-0.6377443202226116
458,-1.4060630329040946,-5.543299924104187
459,0.41921721217835745,2.587113712503353
460,-0.0899276459287447,0.613620124437867
461,0.7066779168761333,3.6658685025161337
462,-0.392383244335734,-1.839009579741973
463,1.0869490414737295,5.229853867202927
464,0.36487838361419345,1.6805259270550705
465,1.050668785966296,4.581616715301662
466,-0.12273453358368014,-0.639598161600822
467,-1.072335336856844,-5.464254286895828
468,-1.3314257542770713,-5.679075451207951
469,0.06277935065794185,0.41049177737689324
470,0.07225236417815405,0.56006646533919
471,0.5951799497853055,2.7777848055892074
472,0.13575384658327372,0.09812631138596062
473,0.8654426718067718,4.587110655281717
474,0.1523617745292832,0.46248423638635605
475,-0.9118131963618685,-3.548796541693159
476,0.09676740626423647,0.016210763320258226
477,-1.228108086809316,-4.9221769036092144
478,0.005822247827891554,0.4607479242564091
479,0.3230065648493281,1.8635609879431174
480,-0.5376469249997894,-2.077949743849422
481,-0.5028593034965442,-1.7294583357047522
482,-0.283966960505367,-1.3069022820996652
483,0.37968482931570996,1.0885402134570081
484,-0.34982398358693384,-1.7737510073141307
485,0.519421349798438,2.3523613890578527
486,-0.22668979842837791,-1.7317169230005671
487,0.5208768665821065,1.5356299430918385
488,-1.4656874139767313,-6.8490038943069385
489,-0.45518869072302637,-2.173887055459288
490,0.12145523851065988,0.24700821432123787
491,-0.011060641339984047,0.4067656835160765
492,0.1875990550827444,0.6439636845294961
493,-0.6543096507791455,-2.3322425217105462
494,-0.9580310437785843,-4.472370120406728
495,0.01434908860989884,0.5802955818150523
496,-0.7651405470924834,-3.4530942747310354
497,0.4249396196992172,2.33305062967206
498,-0.9422541895367794,-3.8684251509803746
499,0.3492564637263241,0.8491089507640504
500,0.7417301452550841,2.543752928774486
501,-0.5933529625775195,-2.800226947927284
502,0.17725038527064274,1.363364243923587
503,-0.7624700929970213,-3.737765075845334
504,0.5188686837521258,3.354297308538313
505,-0.41172555633369945,-1.186712946914763
506,-0.7534306741790529,-2.8944951007784323
507,0.7355969634191891,3.0480400208894296
508,-0.1656909955423141,-0.14686175696796933
509,-1.0860048613648343,-4.892467904123452
510,-0.5954032926613171,-4.02096963557877
511,-0.7064401361648859,-3.6721489583915994
512,0.5209280992299223,2.4363927846849998
513,-0.4492130722410475,-2.3392566083122586
514,0.10095684462483126,-0.45821017357138494
515,0.39852028496252795,1.39852455398489
516,0.17884071914584188,1.474909773160367
517,0.05907136675155527,-0.4019326159789713
518,1.276666288309538,6.038490526908349
519,0.9197587696375875,4.055040333286888
520,0.31263809189163644,1.9568376705485653
521,-0.2865798754158558,-2.014604810253247
522,-0.265822735320547,-0.6501928728896088
523,1.2046791624871325,4.473430268312649
524,1.1029121824586565,4.258671851856525
525,-0.12401161715538363,-1.4860599185984094
526,-0.5393138866844696,-2.4161251658192535
527,0.4008374826542931,2.0907252020191796
528,-0.787472702626258,-3.7530851929733147
529,0.8641901315399381,3.736265909637682
530,-0.13825746214041468,1.0348008297074252
531,-1.0233375253111565,-4.314891514047858
532,0.46394160046583255,2.4051760604115313
533,1.0550698408235994,5.596429752234623
534,0.719093910683717,3.9800662357024454
535,-0.7456438828205617,-3.634485142762578
536,-0.24933966621600193,-2.290966693401602
537,1.443821999002924,6.0404821421156365
538,0.9377348691319891,3.643662590487693
539,-0.984605315450252,-3.978140566065373
540,0.4189648825472818,0.2521460982655752
541,-0.6711995866521135,-2.32417019454511
542,-0.6382523110870894,-3.0103032022561735
543,-0.44437860828801,-1.9508818851629994
544,0.25179274692839415,1.417232731823842
545,-1.3136645525389297,-6.243362216573044
546,-0.17769404989261972,0.13493172091242844
547,0.9281736636433686,3.7735326181886344
548,0.08910724640982903,0.4170441376638761
549,1.3244318257676784,6.391263220990947
550,0.5608271591259536,2.524053848095994
551,0.35601301734150115,1.5757640098037164
552,-0.6670637578665807,-2.827640776880807
553,-0.2131828220213807,-1.3201461426610117
554,-1.904935327152898,-7.798265570809517
555,-0.8097320602153493,-3.342908690125935
556,-0.30296579469070783,-1.635102065573514
557,0.31484732689121486,1.6809489044235062
558,0.41845131414249637,2.4305800194394167
559,0.14760800974459992,0.4871727521601677
560,0.8046030864413378,4.62754341106594
561,-0.13051439344525953,-0.38040127919586586
562,0.26477729091002944,0.2246309749428066
563,0.441022677232001,1.1603966280131424
564,0.14976615304682986,-0.12484480551413601
565,0.8195377217349303,3.7841525085819256
566,0.15616613569475732,1.3350584204815203
567,-0.41284545621196866,-2.24054119173521
568,-0.06525481282084838,0.3489002427022307
569,-0.4263859483079007,-2.131860327586356
570,0.3419312539947007,1.0385763521616365
571,-1.0547311158619581,-4.296309698583583
572,0.2957262948305956,0.17403628425280648
573,-0.747340249002247,-3.2470093345205395
574,0.33265000412367596,1.2387743938568248
575,-0.993358238560816,-4.0678483548969835
576,-0.9274118667224126,-3.9898257455548896
577,0.7278169215672866,3.1713518993704213
578,-0.6193023771776556,-2.8098109473696278
579,-0.27718884735579086,-0.551115760763801
580,0.35779250736570534,1.8449028064567963
581,1.1704068830618848,4.767009833076044
582,0.15176952007959926,1.2653482283405308
583,-0.7441702786974251,-2.494397258367925
584,0.5000722963756321,1.050043446382871
585,-0.7566872317488971,-3.007954101781576
586,-0.18198310803702,-1.098788884917671
587,0.04216090838983683,-0.6883909342062784
588,0.3677495015733729,2.7522397533356404
589,-0.06439412020204315,-1.5747933346570488
590,0.6057054346330952,2.556132710077564
591,-0.6396993461448133,-1.243527714339983
592,0.620416639638803,3.519340164978821
593,0.23908253213373848,0.2748008590930411
594,0.7890448515688568,2.293731351852396
595,0.6088026316347038,2.0826520307150815
596,0.8294012951874286,3.934323844241649
597,-0.7150445116655657,-1.927642618472639
598,-0.2417729058858827,-1.4776184284751548
599,0.5344988546893549,1.9792055352249212
600,-0.011651364121139682,0.625749232408422
601,0.503310464871304,2.750393061110959
602,0.0021308258048159975,0.33226738239833375
603,1.1791307849938997,5.113663450557355
604,-1.018135720693953,-5.304415462630979
605,0.717777846571435,2.5197313192842903
606,-0.022647690440554192,0.133495074357429
607,0.3836302664337128,1.0460466940013067
608,0.313997395417404,1.6211033563535273
609,0.792079762248578,2.7408504915387946
610,0.1668958252623978,1.3214507690992718
611,0.617343636621907,2.7845640511440015
612,-0.15495669399907386,-0.7632031496559274
613,0.21772456877156174,-0.31519404734209855
614,1.167505519769924,5.320717100134418
615,0.2368200822942544,0.5764623861833562
616,-0.3438452999746598,0.06049085192852699
617,1.6423860046094714,7.044751982088682
618,-0.3523785522994692,-2.2840417883618054
619,-0.6204684633616738,-2.883509063351992
620,-0.5717151758121802,-2.0008969975007114
621,-0.0570299080961046,-0.14455819255965274
622,-0.33187356573770477,-1.1556054512493013
623,0.45824402951716253,1.709178181790673
624,0.736175125198339,4.134847419779361
625,1.2233213438079584,4.734071644059631
626,-0.5068733967432502,-2.8492216320861736
627,0.8360787923802424,4.6244171105560135
628,-0.6905651527204727,-2.1099449179888876
629,-0.61021737497499,-2.3965299971245524
630,0.14038604652726963,1.278008964546034
631,-0.013552891789313203,-0.8660709504556448
632,-0.42409373492070607,-2.485844797729855
633,0.653485358418663,2.8043093325168247
634,-0.6660057031289848,-2.811180596614721
635,1.1378083589351768,4.550831952487196
636,-0.36046828081273924,-1.774256286676541
637,-0.4100051384787002,-2.5374450512172406
638,0.4256324509623602,2.276640050933925
639,0.8533785357408773,4.335625451340387
640,1.3129164826345132,5.31397117747493
641,-0.16637523573604054,-0.6862514107049553
642,-0.5611700094417668,-3.188772670358763
643,-0.46244577455145425,-1.4429808106783741
644,1.1770545880524517,6.044049596382109
645,-0.4610185088067981,-2.2796292201570494
646,-0.6538441050966741,-3.405672099952979
647,0.7007973126895036,3.8158932051542127
648,-0.7225820715647003,-2.5911580144218482
649,0.6560449712081103,3.182028198915756
650,0.6902833299397698,4.176572478443656
651,0.09118576470152273,0.8213429584109413
652,0.47425497922417276,2.3555406445072236
653,0.9001647445583304,3.771462858929732
654,-0.510450156271989,-3.1116438083039797
655,-0.18601446773198163,-0.43695076193232435
656,-0.14372999918645218,0.4494603442183853
657,0.055708846699213894,0.9034765454579201
658,-0.11095599704321879,0.442736592460088
659,-0.614959982961177,-1.7618238896077574
660,0.23411031688798828,1.1385397834692428
661,-0.6547632485901317,-3.2493090377174334
662,0.06060965351020789,0.48298635330433404
663,0.5764937347507991,2.741912659662574
664,-0.38856930748221197,-1.3157518538286592
665,-0.02376041490708073,0.4923131571898383
666,-0.09039539102931725,-0.8693471087012017
667,-0.0168947807327765,-0.06392774130067481
668,-0.02363719066452829,-0.7008516330050877
669,0.03677800857127141,0.5468478904841236
670,0.40600518026725946,2.649260468184898
671,-0.6582866660876893,-3.550455992409103
672,0.5098868430838427,2.865183239904879
673,1.1499571305710585,5.153018553191154
674,-1.2478490358087115,-5.523420471418892
675,1.6574633120328495,6.6761756861812485
676,0.9322834447094394,4.597557483766577
677,0.1240392870406096,0.45146606258051997
678,-0.22815067808317369,-0.5868932230366664
679,0.18099307823870825,1.1988891850192576
680,0.2337388358343568,0.6586018320257541
681,-0.8428334178245572,-3.766905621220789
682,0.3880240014209433,2.2140261370310705
683,-0.34058179647182313,-2.0471109397091682
684,-0.9854223478667233,-2.6608324745732927
685,-0.11065450710223595,-0.16272895393315
686,0.05274709199166684,0.5307616425033296
687,0.12631643974115422,1.1251952520396142
688,-0.5121292460980981,-1.8315956742910988
689,-0.26218371420008774,-1.1400168321795539
690,-0.7871519376076292,-3.8087892757951707
691,0.10227516853703474,0.8239361381928815
692,-0.12238456992724615,-0.5467252917668418
693,-0.6708391572706416,-3.185022810841397
694,0.0015849363854509326,-0.19809647308170297
695,-0.28303553912794177,-1.524056628002072
696,-1.273609262722828,-7.14246542048244
697,0.8597508915315865,3.5737172181837025
698,-0.42547496023210696,-1.1546969029474616
699,0.0832130218326811,0.28610144480203037
700,0.3613744617878326,2.199378642649739
701,-0.3205330556852507,-1.0326524121485812
702,-0.5349593210372824,-2.3849913174664623
703,-0.314347442877322,-1.698355907534424
704,-0.46451499676276076,-1.8288700626181464
705,-1.472431829497191,-7.089489598176083
706,-0.08597873474853772,0.9704755685031038
707,0.7077836476135425,3.8210032100841445
708,0.5154499486282473,1.125962421709382
709,-0.8981890134395117,-3.795678741358259
710,1.0138828814858762,4.086697143184512
711,0.20850493985860089,1.0634081312013297
712,0.02029013803962155,-1.1453553494635487
713,-0.5257018290547883,-1.9244246927527193
714,-0.08126882377230589,0.853124296060128
715,0.737987568022192,3.035123080627813
716,-0.10740210112535896,-0.9037090738274264
717,0.023433478039299474,0.5815874691209344
718,-0.7925005120830579,-3.4771180259180197
719,1.3537201134083423,5.617444653453314
720,-0.6588737725407977,-2.3901441201239857
721,1.02743754505675,3.9536084820221724
722,0.3532013861475354,2.4685941570601204
723,0.01826889464815985,-0.6878974035097568
724,-1.26931839623483,-5.618920832772057
725,-1.1368441268901235,-4.652543158300629
726,0.0032455933710135443,-1.1548523323250868
727,0.5054849810519252,1.7056893737214802
728,-0.3225355422193239,-0.7494932060305588
729,-0.14816743424484566,-1.1204436639928135
730,-0.5119228605127359,-1.9931485315626045
731,0.606647317292599,3.9049416709922404
732,-1.0312330946375925,-4.578746610318467
733,-0.06581040578457233,0.4325788528127017
734,-0.14460179087142996,-1.9436484210327027
735,-0.495742485200815,-1.6629966635104145
736,0.10153764689396269,0.5443328538261547
737,0.14901360697168087,0.4970801426005164
738,-0.12923095167064064,1.1566998628169527
739,0.027155895133644598,-0.11830633904452108
740,-0.9567930546971063,-4.871602731770635
741,-0.6920382318019305,-2.889881363005734
742,-0.7508612993462579,-3.095884523408692
743,0.11669987810694306,0.7831774800625331
744,0.40942669411919796,1.8455114012976854
745,-0.5526863484022065,-2.536444147013658
746,-0.18818749404960466,-0.8454148184260691
747,-0.28374441858516614,-1.555826863299902
748,0.31545565779631674,1.4652333864022202
749,-0.14106975437073055,-0.990458859261826
750,-0.07519173678805739,0.10572190046565438
751,0.3450141601069651,1.2062658727326498
752,0.22980978785370906,1.3622170594305691
753,0.5888466177366717,2.0271769226319476
754,1.0086738435400244,4.9147476581655765
755,-0.15858337240564102,-1.839402790837058
756,0.8475471211622067,3.9742654985926507
757,-1.9294754197496466,-8.001843262330476
758,1.5086131642624907,6.350270327602026
759,-0.683869969166802,-3.1175963014082217
760,0.8365218168423215,4.656367988659785
761,-1.0243345623028612,-4.993515646900654
762,-0.2023783247422587,0.012047233839210136
763,-0.9367458065450083,-4.080296586047154
764,0.6184064702838039,3.4309418399057443
765,-0.8999311299526471,-4.074531825579981
766,0.10336356597456323,0.3632453997152764
767,0.3337682087734229,1.6362698474933124
768,-0.3044287204844138,-1.1841930774857432
769,-0.7676898652879638,-4.085569326882231
770,-0.13965184335920694,0.3552595899892005
771,1.183696226808712,4.453465808485247
772,0.6705902797995775,2.1099499415826157
773,0.5333905401598433,2.609984831602931
774,-0.33706284235848016,-3.0193598330054083
775,-0.16176865572711197,-0.5711928400268477
776,-0.9250831447818192,-4.7794541668068105
777,-1.4412807420615705,-6.136126988306691
778,-0.5760400748658505,-3.6544757763580717
779,-0.16130179142213594,0.2896498117833497
780,0.028269720598077978,-0.4145147143143776
781,0.38929265960424986,2.3823125294474314
782,-0.2588872506153071,-1.5666210480539948
783,0.8783082555511968,3.2337678747672283
784,-0.399378130316671,-1.6385786844169483
785,-0.313396735230601,-0.8783754066434212
786,-0.16090456917719614,-0.28267436185038225
787,1.9561245116538175,9.298029560252239
788,0.206868561398103,0.4434445799139869
789,0.17317529853572652,1.810813635884695
790,-1.594875185666675,-7.565986886068216
791,-0.39719308914456897,-2.410114358526246
792,0.3219134134717256,1.1800413429571146
793,1.365463299115523,6.020226500635753
794,-0.7347457601114759,-3.671092814751625
795,0.008996158480646131,0.10210442655756832
796,0.3032495811339625,0.5523928486059405
797,-0.2765625874590275,-2.119926555405232
798,0.07237708114815834,0.985379180457536
799,0.002333862776919024,-0.16647412013801918
800,-0.31678179743485335,-2.4795141580489544
801,-0.40387568329072193,-1.9712447226682757
802,-0.03954820553127331,-0.3239634897228855
803,-1.061478739570756,-3.822914837331436
804,0.9642503224798595,4.008184893266894
805,0.3556750553428828,2.346076451466738
806,-0.25244199407766654,-1.2892318884259577
807,0.8190975090420046,3.5447169469989235
808,-0.8254883338050337,-3.7200767340127427
809,0.011709956624643613,0.31192533159153507
810,0.38333502756840304,2.120268072412676
811,0.7483117531672343,2.8901490777255257
812,-0.1512648699660468,-0.19092626804238494
813,1.3978199738803379,5.724990260769193
814,0.8276703858538427,3.1124134410662254
815,0.06837489493195939,0.5063389725396887
816,0.8654117687087541,4.088160055752475
817,-0.0002413408625779218,0.7642548599209582
818,0.9682469714606642,3.5025771613755214
819,-0.495952323320321,-1.9360266874284944
820,-1.1519444153255864,-4.113951783468132
821,0.7918864953233108,5.355824907610181
822,-0.801846018047759,-3.453670934725223
823,-1.289320341713839,-4.905994949343043
824,0.6812142140777313,2.0472105883105787
825,-0.9197352626784059,-4.3023193135148805
826,0.49994261463626594,2.2119207508283805
827,0.6226261228472849,2.253445723993248
828,0.4083642632504338,1.173089985537528
829,-0.7028541779226579,-3.545687054504919
830,-0.21463714491199198,-2.003488174738436
831,-0.04505944130848298,-0.12565655736683687
832,-0.12177927098523013,-0.9894096734486215
833,0.9079529546991683,4.389183773583739
834,-0.875451674729312,-3.327273256551243
835,0.08614963751983044,-0.35665174480802003
836,0.46044795880260586,1.0953333106040164
837,1.3612592716669483,5.229210411814982
838,0.5567294880579028,2.542698742712818
839,0.1497569417634242,-0.1101188838933187
840,-0.21192418713492175,-1.8781193039205357
841,0.870053820722984,4.707018033868536
842,0.19355282463449602,0.4391810083858387
843,2.114719221791529,9.088979806792183
844,-0.6223178098176888,-1.6483412811452904
845,0.18443253244675709,0.7404539637753004
846,-0.2947074085676666,-1.4738231910933408
847,0.6776344414468013,3.902277337441408
848,0.2204207516090218,0.4453969428036326
849,0.4136788920099709,2.6485866195647336
850,0.6460163141382665,1.965733302705384
851,0.22210309372454123,1.6061961133122575
852,-1.3433658251778455,-6.462173108420824
853,-0.16313619529472492,-0.5909158019919909
854,-0.14943552959430512,-1.0491093285485062
855,-0.21019448560755624,-0.8589562282704907
856,-0.5854942117094762,-2.702160920402939
857,1.3778113118410835,7.049714710901168
858,-0.04097829986623089,-0.24221517553450939
859,-0.7386382299464244,-3.907265720607028
860,-0.6379790871779163,-2.8421348275201055
861,0.8659763179676749,3.5575479813595723
862,0.34712675198669685,1.0260193490199072
863,2.512778031120243,10.878925273813412
864,-0.2790278008561438,-0.006412247371185842
865,0.9688801291564245,4.570107937829412
866,-1.3774355473496223,-6.447147625309026
867,-0.2772905026368938,-1.9292294279106423
868,-0.5906610155304326,-2.8018902426309786
869,-0.4754680677794372,-2.3001223973150178
870,-0.01636815461873092,0.5021126934417673
871,-0.3337712792099806,-1.7512416238713793
872,0.22202026323126042,1.1418531903718154
873,0.8596758839312659,2.6286832861411353
874,0.44807356352409716,2.21323985127773
875,-0.13311106748848095,-0.587297634721615
876,1.1588497642546964,5.93819286490979
877,1.4625259463707592,6.433171033596093
878,0.41992498534811257,2.907967043181589
879,0.8169195874471039,3.9522210833283244
880,0.08243471213377447,0.6623452330528541
881,-1.3111619146966638,-6.59110061576922
882,-0.7348855166395953,-2.3896829791294527
883,0.5664154027575746,0.5886176978340709
884,0.12501748956734865,-0.04872393210390069
885,-1.358950335372962,-6.1985132841006685
886,-1.1330644054309589,-4.951835998094962
887,0.6462627816025843,2.8516735034973295
888,-1.0679355291141643,-4.7610476444640435
889,0.9310580667568822,3.9299838610768822
890,0.8777734967329431,4.435401934529973
891,-1.4963191681834247,-6.0912259568343385
892,-0.6017541143027931,-2.3780897960463214
893,0.3300762043045574,1.1484294979404783
894,1.1293390436446198,6.487821232057685
895,0.18337993492792992,2.177175312284058
896,-0.9106854849074539,-5.21892856345696
897,-0.8382949380631797,-3.344046629176468
898,-0.013638139765310248,-0.9425156972766626
899,0.590585653317075,3.3497440468013475
900,-0.4777441820439351,-2.1369334515784923
901,1.141967040474592,5.756337172357014
902,-0.09218139754475083,0.24780156647298973
903,-0.09494804062207213,-0.009321261703771067
904,0.19556454423884853,1.023984254045472
905,0.25967969586973166,1.0995763623298156
906,-1.1998179694521924,-6.364204035673592
907,-0.17430416230729853,-1.614348416532386
908,0.7147040355619897,3.9308249140541607
909,-0.9310996444880476,-4.303735720885576
910,0.5441694574814389,1.7304122753181792
911,-0.9140591329180375,-4.231918918076252
912,-0.5236076837771426,-2.350083955864003
913,0.8863621644505754,3.8635319752908748
914,0.151510186175966,0.20883140270901757
915,-0.6690523300123931,-3.174789771704093
916,-0.030780298368772285,0.6963631595413179
917,-0.20111862778457876,-0.3686232783972623
918,-0.35912181099379326,-1.8056706000658171
919,0.40395185651551707,3.171789937124468
920,0.528055170123827,1.7328735093730059
921,-0.7485942519431049,-2.9731999799733146
922,-0.15666612218740783,-0.8166356702564062
923,-0.8337429247709676,-4.8861133930335106
924,-0.3875905181745296,-1.0952298628311263
925,-0.6681385768040993,-2.082028449248188
926,-0.3089516475650183,-2.228501714693781
927,0.9311394347937021,4.308299247912739
928,-0.11050152672260419,0.6527285819104729
929,0.7959958816902011,4.517761074611812
930,-0.48479340872631727,-3.3054793480622124
931,-0.4955554825418804,-2.4310717998663054
932,-0.5674569557077688,-2.771449559004495
933,-0.4730795377790484,-1.802055638905618
934,-0.2742606386952966,-0.9552336284979508
935,-1.0540423174739577,-4.795411995799461
936,-0.6185761155758097,-3.112686740289872
937,0.6261023921131006,3.3462931315736033
938,0.18050564209376074,0.20777487396355854
939,1.1793929200612983,5.0314511673039926
940,-0.3561763360280084,-2.9040861374251525
941,-0.41742502891180494,-1.0511839375994536
942,0.5130190266268261,3.2776869382341687
943,-0.4654831022443292,-1.5389368305879128
944,0.4124013190990227,1.536243304728083
945,0.5002666803459127,1.464954293719594
946,0.984519860024641,4.7312006659176875
947,-0.722836111546859,-3.845642558223627
948,0.5977724839577889,3.589472882451281
949,0.49932298866610275,2.138478872689297
950,0.697408074022451,2.327322944209951
951,-0.30727216241732314,-2.171138747259164
952,-0.4435919838518168,-1.8292494078390389
953,0.7278553538500387,3.5695997610581105
954,-0.0207587488308934,0.3402872036866784
955,-0.3459673092068827,-0.2767939308373786
956,-0.44919987638185205,-1.6199375123885302
957,0.915760343405879,3.3799201337344313
958,-0.027006702411566323,-1.0061459508944997
959,-0.3109685568253385,-1.7126934018698614
960,1.270120315667103,5.416103989046214
961,0.9208635128978649,4.030914721511223
962,-0.7959705459867161,-2.8319491746443943
963,-0.2974984014081352,-1.8156635775690662
964,0.42249996705715503,2.5129418641099193
965,-0.3742631322132847,-2.2814219904571993
966,-0.13974113803910423,-1.1969539361364772
967,0.5844688731622115,2.9004294036436185
968,0.13637038872248933,-0.05930310292565533
969,-1.0431534347283498,-3.33800003821943
970,-0.39402677282852716,-2.4204381454476023
971,-0.08908918858868123,0.6725017561164939
972,2.088387642618891,8.226597844058393
973,-0.2038496230754741,-0.914577306088208
974,-0.0030603615613016863,0.19435133489817819
975,0.2343329720197838,0.5281388290106096
976,-0.12640738304804644,-1.7684596268845723
977,-0.24417979442494234,-0.5000350665689
978,-0.4499831723104326,-2.4946271737746146
979,-0.4748231191833248,-1.6158229031032068
980,-1.5586853183709664,-7.691996144538162
981,-0.46238882584872054,-3.3310701139230057
982,-1.3077555569065975,-5.580734463116249
983,-0.08854108998803507,-1.2422834450578097
984,0.16611220947549687,0.5289608407558095
985,-1.152973073668824,-5.066346113993843
986,-1.258460923656573,-5.104500049366039
987,-0.7104565042494179,-2.2657508131995825
988,-0.7990026767069854,-4.756389199333425
989,-0.3024971010904819,-1.4357967472253865
990,1.760252508940532,7.494329920202963
991,0.2201084050569424,-0.4146884813071161
992,0.43719990530103003,2.4749165553899597
993,-0.36345773763711364,-1.5161867025258806
994,0.3549915586790776,1.360495814023223
995,0.5810671935413406,2.59368809928299
996,-0.045225725736772866,0.9160889851747346
997,0.8029849465113873,3.5050093025084332
998,0.37078205447086715,2.3352563672970597
999,0.22195389515828337,1.08878978925999
1000,0.9472036776717929,3.710696513812429
1001,0.5652041997730566,2.1144368882465177
1002,-0.843057618158943,-4.609646363795229
1003,0.20981465920687478,2.031567440538683
1004,-0.14370617383004003,-0.712923319546074
1005,0.6073279113123121,2.5859869054963798
1006,0.37707045697843483,1.6244839507353237
1007,-0.6138327156302908,-3.3849285590461036
1008,-0.7436339452130276,-3.7923139052286943
1009,-0.49244482257229805,-2.826731561070117
1010,-0.7172314454481377,-3.640336073801494
1011,-0.45009492912989146,-1.4440273735242783
1012,0.8321114103406949,3.719595296734387
1013,0.06502167418317714,-0.8944842585889103
1014,0.05120602488575899,0.4356032885415318
1015,0.41166752476971485,1.7515520569641294
1016,-1.1638187729183407,-5.497073972064724
1017,1.3668346465526375,5.687041535135436
1018,1.018805906010416,4.043034159759514
1019,-0.034031725660692014,0.13531043057679876
1020,0.4182169681877648,2.3031179117655096
1021,1.3944954211399492,6.0887732594381765
1022,-0.2923133562292898,-0.7004514392502934
1023,0.3809311977218164,1.2108388911389683
1024,-0.35555774298144804,-1.6264356863218594
1025,-0.05542621792746692,-1.6905155186568737
1026,0.8385641471870486,3.432373460491085
1027,-1.1936487697738472,-5.883375535991042
1028,0.1134808008799441,0.6139836695892762
1029,0.8080989126256996,3.6422521718780336
1030,0.016736332355287337,-0.16527283931575004
1031,-0.9305575621938429,-3.635624874833967
1032,0.6615156074003012,4.417094235152618
1033,0.630251958514206,2.445276196781606
1034,-0.3859491310593304,-2.950954125456355
1035,0.8930878416590307,4.480320857939578
1036,0.9796281136810803,4.253037117110072
1037,-0.3609243731292565,-1.2069693150723246
1038,-0.35016442149769983,-1.7809880911918172
1039,0.11440805739158585,0.17062692010726205
1040,0.7137174974780744,2.5068056787825848
1041,-0.5456343230919884,-3.513599062142844
1042,-1.0018002842499987,-3.0417300237737077
1043,0.6816494347773411,2.6403515081525857
1044,-0.5909173928314698,-2.4821936992966394
1045,0.7922637898040541,2.8205885888791347
1046,0.5454898395383605,2.582682562794565
1047,-0.33192665480330596,-2.2261952301074097
1048,-0.7249835309710018,-3.6266499087415913
1049,-0.7349480550648868,-2.780448108645939
1050,-0.6970830098266635,-2.794813587393475
1051,-1.2988160310654127,-5.906078734484968
1052,0.2794769773746016,-0.14475578038282855
1053,0.21822097917633201,1.0401942664489596
1054,0.8817408508439291,2.0197513339496744
1055,-0.4101663037252813,-1.558440412575965
1056,0.34194727806737146,2.3390412968278227
1057,0.15455472378840393,0.35248371015748087
1058,-1.0607930216990884,-6.236510499392202
1059,-0.7433499150132581,-3.742172375397187
1060,-0.6428705538632417,-3.5829075964044597
1061,-0.5170937405029841,-2.518081330522771
1062,0.186289700163583,-0.2565940556739993
1063,-0.8781334000223157,-3.949497314963612
1064,1.7025525169124345,9.952649761600194
1065,0.960108276658301,4.4012189972429345
1066,0.26171019421633296,0.5219257412976296
1067,-0.351484549936139,-2.8579672391747986
1068,0.2258559495579591,-0.3711802831019868
1069,0.3413336388324857,2.2913993409125095
1070,-0.9521733407509593,-4.6800980583433835
1071,-0.03680445409216284,-0.6343251590484248
1072,-0.4998994153644131,-2.5529316748054485
1073,0.3610881084786284,2.2062199170361527
1074,0.7648390122934301,2.955657983391105
1075,0.6163903612097684,1.955022065614267
1076,0.26240733709365655,2.3639358340858356
1077,-0.08441303894666334,-0.3840985337987293
1078,1.320429120993266,5.33303378703632
1079,-0.19603125671330593,-1.1713933906344878
1080,0.16027414508959834,0.7298053736363308
1081,0.33005272538277264,1.0994042390448924
1082,0.7957764261364177,4.419016846894417
1083,0.29673594620230287,0.8268494125485893
1084,0.7251040102030428,4.115468170076365
1085,-0.5838330369992135,-2.9833423889935364
1086,-0.6431345032455269,-2.505241459871382
1087,1.0130071683015616,4.817553707245439
1088,-0.04309022897314754,-0.5252288583934162
1089,0.7128905413983696,4.316132244918163
1090,-0.5353007066856604,-1.7498227010499425
1091,-0.8750040086537166,-4.4139259511310565
1092,-0.07314006801014317,1.611227585692986
1093,0.2956238715549736,1.14066609621486
1094,0.3231488011802222,1.0991628364219437
1095,-1.3496539610443559,-7.201298808952299
1096,0.7382447559019886,3.1447463317297664
1097,1.0301011759779168,4.773710123304784
1098,1.3181628639086855,5.825370956609848
1099,-0.0626454503354305,-0.9761200540761721
1100,0.22354878379807544,2.0715745035304836
1101,0.02819469464614259,0.7332563749401884
1102,0.4787169560125701,2.938121798276099
1103,-0.524036368424037,-3.556560712494619
1104,0.561528587137523,2.593922203356694
1105,0.8833400535266301,3.830318717948456
1106,-0.0934089545227609,-0.34657142813267794
1107,0.9228752195665427,4.66039356288427
1108,-0.4209710880953681,-0.7358133255483481
1109,0.20393758105539675,0.8454558281097898
1110,1.291992402818248,5.667915145417135
1111,0.38227305182817334,2.012257323700322
1112,-0.11388536942136253,-1.0927515505919048
1113,0.03860320430754429,0.49535121402497606
1114,0.2975713192721496,2.2627943881446373
1115,0.12537104737455396,0.031172399735106993
1116,0.5794357406851849,2.3605023875526543
1117,-0.05057456986439391,-1.696990970478831
1118,0.09736308338892159,0.6227339780287084
1119,0.5311288640293953,2.0719591676975253
1120,-0.1583410201711003,-0.8356584014302637
1121,0.03536667441705093,-0.11564789520985264
1122,-0.6144314530786866,-2.3346666474161606
1123,-0.3677843974156887,-1.0536820661443003
1124,0.16526219175433138,1.678951571099002
1125,0.7600255753373089,3.1763920523002227
1126,0.6312409343610392,2.670252918004288
1127,-2.1119789252223424,-6.978144668305329
1128,0.5349501655270498,2.5867961283074328
1129,0.4248245160701182,1.9307128087379146
1130,-0.9224362296972882,-5.034445641975909
1131,-0.23823079943985487,-2.067651562807406
1132,-0.08470145527475198,-1.087056359382993
1133,1.4591859544625672,6.92297307865875
1134,-0.5787282762991942,-1.7699057301329075
1135,-0.7058784018102695,-2.5100806561509197
1136,0.8645245269174727,4.9189871719870935
1137,-0.9038047220812417,-3.318962285923611
1138,0.055373283460585475,-0.41840526869594036
1139,1.4981342643469535,6.524972536924261
1140,-0.23223044524275563,-0.9000371115702452
1141,-0.1448416743743823,-0.7271749849271983
1142,-0.35316535074695266,-0.613330624684546
1143,-0.023795954965589727,0.23398196946891928
1144,-0.6943369345433613,-2.6683971938936546
1145,0.2676760580268847,1.3327135012707014
1146,0.47567401334966364,1.4603692076466754
1147,1.4702618119518287,8.03423358553105
1148,0.9505977239009168,3.62797489621283
1149,0.8184804059838567,3.646072619479316
1150,-0.445611361625772,-1.4483887108394562
1151,0.5542572342171355,1.7751795075551442
1152,0.274165860288428,1.6580063056646843
1153,0.08644959817174205,-0.49679996782123
1154,0.44043712350240716,1.8596720057943974
1155,-0.31583442347001156,-1.491581696912185
1156,0.2651005098432875,1.0860827082444184
1157,0.44053358938723736,1.011139502510138
1158,0.1629391259154373,0.4701747156435516
1159,0.5769310277099442,3.198589646491765
1160,-0.3331859264062366,-0.9670111962858197
1161,-0.9475459353611408,-4.200322102355405
1162,0.3241846940287629,1.2025851623347361
1163,-0.4268369550874782,-3.4155064757313243
1164,0.9385110673954403,4.935155409677146
1165,-0.9007455843934342,-3.75035593021957
1166,-0.05513640682750879,-0.26452807453475946
1167,0.009867036397736562,-0.9205224116215853
1168,-0.48036011223124414,-1.2049605763301563
1169,0.5318073374883461,2.525486234357148
1170,-0.6979145588538648,-1.0898727128492447
1171,0.33955659008566624,2.6173344148957995
1172,0.4497244106034423,1.7460596968022497
1173,0.26226411140856937,0.966101029129351
1174,1.6680387853154908,6.856552857443021
1175,-0.45734002511348937,-2.171035152616293
1176,-0.16561305451735142,-0.8745349165082744
1177,0.16440861605207385,0.44835774963035596
1178,-0.620051556914663,-3.6876764355112495
1179,-0.010911979226751167,0.8886786673049496
1180,-1.215395797554152,-5.782725931171095
1181,0.339552894424435,1.123159941939076
1182,-0.13253232150550326,-1.9260885655354576
1183,-1.0395777502948473,-3.5436589887250527
1184,-0.3183008215430474,-1.4379374138755157
1185,0.8532605963939027,2.9539380450530213
1186,-1.0224669636425436,-3.7597866878115287
1187,0.5225089907990552,3.037346212793383
1188,-0.0733537049229524,-0.6973406514596538
1189,0.8360054586542185,3.9816871742656637
1190,0.2531189205878992,0.9746019398142254
1191,0.503561222485835,1.99859547581181
1192,0.6811149682828227,2.026334355366913
1193,-0.07763465674414001,0.02794933886352491
1194,0.3795050265257321,2.2079328643338414
1195,0.5353846314897408,3.4221700962222332
1196,0.9166675177170502,6.03586831865608
1197,0.39957452511894725,2.482069901476719
1198,0.4063011829436034,1.5888227680589715
1199,-1.1826447865239644,-3.918382858320756
1200,-0.36295924655136114,-0.5734252343901034
1201,-0.33535569450401564,-1.7988238291540324
1202,0.4565040194809134,1.9030684367063402
1203,0.5319224582731895,2.4778054454562506
1204,0.6472550720668626,2.9136226758940107
1205,0.532640620272136,2.5175055418743066
1206,-0.34074983128742814,-0.8977936775019334
1207,0.27468992957061467,0.48246765915483414
1208,-0.20343164949637665,-0.5850262469949836
1209,0.335851651433155,0.7188476995430283
1210,-1.2175756304375585,-4.179723515781353
1211,0.6872349081940731,2.2654425495794492
1212,-0.03840387976096299,-0.08937858992862074
1213,-0.7247961939540797,-3.2351323142269557
1214,0.5409373587769,1.1864502829617771
1215,1.2143065472973396,4.827932727592332
1216,0.11673558761851026,0.3307669652968574
1217,-0.4771014016353752,-0.7971926686896642
1218,0.06060251664606935,-0.4354227630307278
1219,-0.1093288248909486,-0.24629286390235677
1220,0.12247653209093147,-0.18860193814985937
1221,-0.6420770427516257,-3.8206140994047515
1222,0.01381660785667527,-1.3976324349822957
1223,-0.865669656622637,-4.811420410231826
1224,-0.7648514758645432,-3.9410365657651916
1225,-0.0505845526398204,-0.22334438293951697
1226,0.6361545385929539,1.8218511568924294
1227,-1.8767237111782742,-7.858819609591952
1228,-1.0616507095884042,-4.422057588825377
1229,0.9046115459972264,4.068344550594674
1230,-1.1586886956937716,-5.4389944030429
1231,-0.7536840184314807,-2.7114001437822206
1232,0.7331249698692031,2.654929417314138
1233,-0.31074718153293057,-1.553040927779638
1234,-0.021979904662466927,-0.38274710222414876
1235,-0.21291126612619127,-0.14264341946534542
1236,0.2359959106566017,1.2813318585117506
1237,0.30875290284756696,0.9888500828027361
1238,-0.4967718822167526,-2.187662645810739
1239,-0.0343219273254195,-0.43947667909924104
1240,0.9711799161584503,4.694293592207157
1241,0.15682725458319696,0.05488686507832352
1242,0.8597673133748261,4.791494057137991
1243,0.06440838682869152,0.10873498443158561
1244,-0.6256541484182296,-3.4425700624868054
1245,-0.5536656954905267,-3.3335058517525504
1246,0.28661672608064714,0.618526802553042
1247,-0.6421580420841676,-2.2222906474374824
1248,-0.40773080142717993,-1.4690028789848224
1249,-0.16519690987946778,-0.5234473238961876
1250,-0.3613009000374271,-0.5697104771038755
1251,-0.2140372983328966,-2.4287845165684354
1252,0.21448399619685615,1.7050596285264594
1253,-0.03988543457673878,1.2284798823348484
1254,-1.1238635595527744,-5.692640703920977
1255,1.0056956614693402,4.241753456070555
1256,0.12778377014296818,1.0584875458186225
1257,-0.29098754312932174,-1.552137587463762
1258,0.5877781830694763,3.3121476078778667
1259,-0.47010082316223023,-2.2827001377891114
1260,0.3208573346254911,1.8208669296769564
1261,0.04669059437204088,1.1845370341992216
1262,-1.0353245328703753,-4.502853528296592
1263,-1.2843003346398607,-6.2379789967330925
1264,-0.8210255370153785,-4.327843434929566
1265,-1.0806229490870916,-5.492746701833266
1266,0.15164612861250512,0.9562088494864635
1267,0.9358605698968362,3.3424402904582102
1268,0.19666092729514406,2.953146647347409
1269,0.06576920911586925,0.020225697259246223
1270,-0.5922917632049578,-2.216411192578234
1271,-0.03051630982528823,0.8530113641451805
1272,-0.6293327120126051,-3.706321841801266
1273,-0.08085136823463579,-0.6853105434458976
1274,-0.46942620169731036,-1.7306584625582309
1275,0.8429206316618257,4.608807765065324
1276,-1.6674829164286886,-7.415354484402884
1277,0.05364955661254277,-0.896419953728258
1278,1.3920845249481237,5.499717324229563
1279,-0.25326933189456147,-0.9840656336607008
1280,0.07593467854644051,-0.9298984454535008
1281,-1.2604453160059357,-6.738893537872989
1282,0.2679418550851076,1.6558892739112268
1283,-1.1160213069638814,-5.741698902976395
1284,1.0233373474131817,4.766199371793228
1285,0.003592779994328596,-0.1501323293546568
1286,-0.11759883505501989,-0.7603241721986912
1287,0.8789175867285378,2.9548265405362795
1288,-0.7077519934389463,-1.385870092132628
1289,-0.3546310635520867,-1.1300962064331928
1290,1.0963958087327168,5.050602550041875
1291,-0.3077479070956431,-0.5810395040513863
1292,-0.8723840098726471,-4.328126987019872
1293,0.8643034162220177,3.9507223567211343
1294,-1.3010638699723942,-5.582767880418042
1295,-0.20312586047209588,-1.8273352065208783
1296,0.3581527730731098,2.395214035164427
1297,0.4527409312065259,1.983595430047515
1298,0.280694923704853,1.1848794021312476
1299,-0.5397975712495525,-1.1438893552443972
1300,0.22631731014374687,0.39565868897766865
1301,-0.06419163587959167,-0.6360883201513168
1302,-0.20834313107663952,-1.3014409977992139
1303,1.017996195967909,3.5143504644378947
1304,-0.1916291412810706,-1.6674432343047692
1305,-1.3001831663812522,-5.0643914015707026
1306,-0.7122193199000981,-2.905237602746471
1307,0.09474229513959455,0.8844370683227403
1308,0.2297564169522194,1.4146724211503763
1309,0.20418928845169457,1.6546198110142565
1310,0.7342935301836269,3.415696120077814
1311,0.4317498722795776,1.233501555548722
1312,-0.02287256852974523,-0.574342058161472
1313,1.0034121403691465,4.57424298756833
1314,-1.3112760346173034,-5.9088947718718146
1315,-2.0679664799441206,-9.941921500767204
1316,0.4129556801572132,1.0373822726940891
1317,0.3415683276047249,1.878560609609617
1318,-0.15818145503149453,-1.580823606471585
1319,-0.7363183022383262,-2.54965159265056
1320,-0.15012255001057373,-2.377219163915892
1321,-0.2752325618311845,-1.2405320381382148
1322,-0.2705353169239818,-1.6888838049324009
1323,2.0736519672779754,9.89237492134662
1324,0.5303384521320226,2.0363401892997253
1325,-1.645848745083151,-6.862748041103335
1326,0.05010562730445181,-0.15881854307917345
1327,-0.46374567364849756,-3.163657735324115
1328,0.4399607976270517,2.713948733876911
1329,-1.2952350413100262,-5.407333854502933
1330,-0.372511501391638,-1.6889089871664178
1331,0.2350922552898191,1.851569347696588
1332,0.7361445572593184,2.113293563316704
1333,0.6343794850148545,4.32586271253869
1334,0.5326184604147632,2.6778460448466976
1335,-0.16382713498193135,0.1386901373753341
1336,0.21789664710545012,-0.5499041214791202
1337,-0.42957303425051013,-1.803639559876476
1338,0.43242012579316813,1.93306197105183
1339,1.3852641020356038,5.943661310055545
1340,-0.46155301532270354,-1.5257448621519587
1341,-0.7141947469447736,-2.9918880326561355
1342,0.4586541349066457,0.9107049391827478
1343,-0.13062857887713272,-0.30222643976200825
1344,0.22852055095725515,0.5749864179873685
1345,1.3429555307726524,3.878000905201714
1346,-0.2655529885408702,-1.2986830199711477
1347,1.4852028204195324,5.763051604727528
1348,0.206386109583802,-0.533378837767218
1349,-0.5457449437420748,-2.6053391343340944
1350,-0.0642984487959071,0.4669784631308883
1351,-0.11658019454672527,-1.180588125987443
1352,0.22029541796791094,0.9080733764464407
1353,0.3944441568484997,1.1855200430340584
1354,-0.4504048298190655,-2.368377165041752
1355,-1.9229288091009629,-8.948343146620287
1356,0.7290129576130897,3.6927208644646035
1357,0.21087836151902956,0.2967135987099021
1358,1.1941925982630708,4.999221291846069
1359,-0.18637254700702677,0.4671484047484604
1360,0.8336418460042924,4.719712684400859
1361,-0.1329803687898188,-0.3732229354103772
1362,-0.6302437451748906,-3.093151669874928
1363,-0.6541159443081827,-3.5690501879975844
1364,-0.4638349649674192,-2.614642137002231
1365,0.585393948386818,1.5325267506010631
1366,0.11707295173970331,-1.0319778347936868
1367,0.34124121940879176,1.5198679762125455
1368,0.134615007096166,1.3877920792215441
1369,-0.44336153181765114,-1.8907901385130905
1370,0.8646200468334689,3.181674010420869
1371,-0.4762385693689027,-2.3676069252731438
1372,-0.20538207762461355,-2.13497361775491
1373,0.10429346084993808,-0.06697623895822435
1374,0.5314310433411866,4.081867681542508
1375,-1.0248356793792164,-4.410759363188227
1376,0.6148733548956431,2.153273121271481
1377,-0.7368654838060337,-3.256476314199906
1378,0.2719522879858327,0.5852921491954659
1379,-0.27756922369179554,-1.6386699776360594
1380,0.5397127537616315,2.472335843673215
1381,-0.5531665304397522,-2.4397761513633083
1382,0.015314322033634274,-0.2699397779373267
1383,0.1200766929859543,-0.4478001969113855
1384,0.6494415647314268,3.493793889833105
1385,0.8039929899063573,2.8666678515917283
1386,-0.5059556436186738,-1.8603988727237082
1387,0.8332299473665455,4.3012245828999855
1388,-0.293135211882169,-1.3979195055995377
1389,-0.44644432057553296,-1.3031073164374962
1390,-0.4381182475660566,-2.4881988397456185
1391,0.6607611035041118,2.916505662367115
1392,-0.8936152749589193,-2.5848097745739462
1393,-1.1087584493354201,-4.488720386795893
1394,-1.5933621158433477,-6.918651948399941
1395,-0.10638594406044866,-0.36347451278831117
1396,1.2025606020904924,5.98858626122199
1397,-0.5810822631263464,-2.373033611960923
1398,-0.636650380896723,-2.781404558532453
1399,-0.3723509177346774,-1.9707177422079691
1400,-0.251034865681042,-1.0463423708351516
1401,0.6290668754588846,2.2570705296476956
1402,0.3174407725847528,1.3591386368867877
1403,0.18031392065991353,2.4174550964903787
1404,-0.5366140634978462,-2.9057492840606804
1405,-0.5805890242130074,-2.9001686912530222
1406,-0.023536947567384548,-0.3642057598309812
1407,0.6086807717920231,1.2999669107838432
1408,-0.6645587358131351,-2.4086096596980466
1409,-0.4108733023508199,-1.3986228421747575
1410,-0.4507201228861942,-1.1254168098067496
1411,-0.26963974237920096,-1.320707445655294
1412,-0.10364729926164377,-1.4035620561231363
1413,0.6042967761264252,4.21947574467003
1414,0.337313484190236,0.9111584646781818
1415,1.0510491747728814,6.305714816765763
1416,0.06560018592125678,1.637687336648919
1417,-1.286825895743476,-5.860127984050469
1418,0.5134855592607213,1.861288471037589
1419,-0.44717363070771887,-0.9629129228847126
1420,1.4381861513467398,6.858227288282949
1421,-1.3362378421726677,-4.541657453101237
1422,0.7368212473822189,2.9348225238126577
1423,-0.0509140084057729,-0.11739129182591758
1424,-1.6458436913435817,-8.270417169685464
1425,0.6301451278256532,1.8003334712044357
1426,0.7673096766405317,2.007439316246412
1427,0.2965331998955015,0.2558102367677888
1428,-0.5218111617844682,-2.263286641087594
1429,0.43524787685564265,2.125729023193827
1430,-0.5807840569918598,-2.6692637624107123
1431,-0.09436450941097246,1.3081588526826926
1432,0.738078573592402,4.211348003264636
1433,0.6554343675608961,3.4256835577476368
1434,0.08312634876682853,1.080552430435266
1435,-0.23914529141652255,-1.4277971000424847
1436,-0.4139790424609217,-2.461659548466144
1437,1.1866266102272371,5.284291330679384
1438,0.21231981212205497,-0.20744654259898576
1439,-0.12708315875776643,0.18370276065712887
1440,0.3265673749658658,1.7976356298936655
1441,-0.773030167054295,-2.1286623960258133
1442,0.05834468187314787,-0.38191961639731703
1443,-0.329534751342622,-1.8611209151693788
1444,1.267077436364606,5.350280451524718
1445,-0.2885849264709867,-1.2786414890069153
1446,-1.4373621819808056,-6.212263852528391
1447,0.7717697347120179,4.537071870486392
1448,-0.6320852793430978,-2.2247956542185996
1449,-0.13304094276893597,1.0294186309797162
1450,1.0172191372277062,4.26675294369573
1451,0.016752194936122154,0.1380953630408011
1452,0.37900443376715326,2.0191948656598595
1453,0.6779106207667014,2.8586305445764895
1454,0.5544327633397315,2.125971620622534
1455,-0.7298012660001858,-2.5284893660599206
1456,0.6971247719579845,3.5302509300196947
1457,-0.4561808971733417,-2.5677082199228636
1458,0.8357555910027594,3.052112809805132
1459,0.07455251288911346,-0.02518456984170142
1460,-0.48538622915840246,-2.0434498390077787
1461,0.24360528793330677,1.5538721398630306
1462,0.4912164178533794,1.9958921753503833
1463,0.818051571061584,3.2588230744632445
1464,-0.3540740163355156,-2.6387761372952774
1465,1.18973195331852,4.020371662529991
1466,0.12853480854577637,1.0866529172072656
1467,-1.0174726035854194,-5.612800287818741
1468,-1.2737996239922966,-6.0485581377569195
1469,0.972001869417684,5.07518380549446
1470,-0.5726064437167888,-2.2933255731874107
1471,0.24985157120919252,0.9870933855738397
1472,0.3280852846923017,2.3682198157458094
1473,-0.4228075596982853,-3.0846553944301713
1474,0.32462526864911395,0.33135218610771955
1475,0.6025103244552811,3.4986184079497074
1476,0.4550477351524001,0.780360869014654
1477,0.076931583769231,0.451535472886982
1478,-0.18575896548483534,-0.8139206357729001
1479,-0.8910615895987254,-3.263291906736612
1480,-0.9506806895897602,-4.076865050836605
1481,0.7826049610084849,4.542703581132165
1482,-0.9460849588702446,-3.6589820093902543
1483,-2.169770652844651,-9.228292218611296
1484,-1.065192435272707,-3.647440299570336
1485,-0.9655700062988272,-4.484658297684049
1486,-0.34483634572240446,-2.2441336293730227
1487,-0.4615179309119473,-2.559647825332889
1488,1.2245511532070454,5.331175447615456
1489,-0.6150223884026148,-3.4751282445901617
1490,0.37321906729698306,1.6489574340750246
1491,-0.6111113916723799,-2.37431436603504
1492,-0.2457565156961557,-0.35266723613229845
1493,-1.3541340570394225,-6.800694698941315
1494,-1.418490106701774,-6.723919572841313
1495,-0.17250812349277062,-1.6679513318754084
1496,-0.6430491983964444,-1.8412463752560724
1497,-0.4315966702162857,-1.1456952093515982
1498,-0.9816111594426634,-4.300892061506262
1499,-0.7232695982188913,-3.268241732428939
1500,-1.2117106252350123,-5.587412337870432
1501,0.9664880550542346,4.423333710758872
1502,2.3331440435954347,10.13915641183468
1503,0.10540977049046343,1.120387009438176
1504,0.017776594802475017,-0.05178701349494272
1505,-0.5769052373819219,-2.974420306476544
1506,-0.6944355713999425,-3.2662399183755015
1507,-0.4445605116979674,-1.5572562763214144
1508,-0.465363552628328,-1.7437705719106131
1509,0.9320838708372531,5.4883876543681485
1510,1.2155809213800055,6.25746754373896
1511,0.42291811440456983,0.8003743111999742
1512,-0.3310366701273548,-1.538926139846253
1513,0.4982066362219149,2.163654234772416
1514,-0.19835603642235758,-1.324407105628926
1515,0.12210382049699173,-0.7041177513916539
1516,-0.48903824535600415,-2.3345571975253456
1517,0.0027604587240022157,0.37558249180870634
1518,0.7248275559238293,3.982792759900476
1519,0.941041110802911,3.968048819039715
1520,-1.1450016999239594,-3.8992768418386676
1521,-0.30823012751807505,-1.920896404715554
1522,-0.32161377075854086,-1.155063891593186
1523,-0.3041059956621098,-1.8107207094899447
1524,1.3205673300483523,6.553073641073834
1525,0.2669049909177018,0.21847889019330724
1526,-0.4229010776385948,-1.9316999636584746
1527,-0.8177069763834715,-2.7515630859639013
1528,-0.7425372066588205,-2.4718658593309684
1529,0.48868639741798986,2.480815150736219
1530,0.19312105594645648,0.10417473016962753
1531,-0.609067660010673,-2.1950928429013814
1532,-0.9882318125161831,-4.447712354618255
1533,-0.5812331327051665,-4.0714585825233485
1534,1.310662719224011,5.272545016683663
1535,-1.4064300865203327,-5.790297639718606
1536,1.0946294526797251,4.500254168868931
1537,0.08355700634883818,0.2653007211909746
1538,0.5347005024564592,1.498626347225096
1539,-0.10775669028032105,-1.149646113272138
1540,-0.25841890637486764,-0.4728031209093442
1541,-0.2609796923598478,-2.47073368000342
1542,-0.089879455162515,-1.4184652982938262
1543,0.7929407862546729,3.4023267028771693
1544,-0.14492982845551444,-0.6669248290997045
1545,-0.40254213898143176,-1.433371949582248
1546,0.00511192016229299,-1.4076422053253201
1547,-0.7006369709410804,-2.728761271895413
1548,-0.03884987063834508,0.17443464855532054
1549,-0.760779563886455,-3.5288250893905175
1550,0.32503161888592397,1.1797690644131884
1551,-0.286481240154851,-0.7821276398538064
1552,-0.7189649163024563,-4.23472152845302
1553,1.2997367025865902,5.660451389074997
1554,-1.220249877721867,-4.614707873458741
1555,-0.6323119722569523,-2.694500320631885
1556,-1.2203545882370146,-5.058836142124343
1557,0.1501791240018737,1.401500399707494
1558,0.5496325036574435,1.5779091578993123
1559,0.5560683795804454,2.50336283090783
1560,-0.4055467648935849,-0.8751770570121618
1561,-0.25214308899646326,-1.3850341111877316
1562,-1.0666616727422469,-5.2878666044096185
1563,-0.8348341692028513,-3.6056547726458965
1564,-0.6699724970288335,-2.6876710639373163
1565,0.6440214908901872,2.9693059588853923
1566,1.4135741137453275,5.642793838785739
1567,-0.962727692872952,-4.0511189492207
1568,-0.6936599100042237,-2.219616878746109
1569,-0.8743003358508475,-2.780054815065796
1570,-1.136145745563155,-4.551496403077735
1571,-1.0663933474020069,-5.310991860171642
1572,0.2750924103241382,0.8492492533719047
1573,-0.5411150527963509,-1.474376988828512
1574,0.9953519661883552,3.8824842843969547
1575,0.8729291645704386,3.026337221721441
1576,-0.8567270373586617,-4.576895704363915
1577,0.4792782086324686,2.116151855369877
1578,1.1431788305352828,4.317892256719641
1579,0.45884255691325027,2.2026872615686663
1580,0.46076531046993086,1.849798872457962
1581,0.4579289274056653,1.9281788058449267
1582,-1.8365234001926711,-8.878440465976977
1583,0.816101824088598,4.1101774907490825
1584,0.7678950662631344,3.6239969458286843
1585,1.2234405487458213,6.4548364149998765
1586,0.5684068760994742,2.4307366604129745
1587,-0.6252435144441529,-2.234245656132297
1588,0.1698351961909933,0.4896022540986224
1589,-0.9256219293305696,-4.587031229801612
1590,1.1376867466134997,5.22872131771178
1591,-0.3487870250079613,-2.33264376831861
1592,0.02807893223013357,-1.0815601687039516
1593,0.5302551832734183,2.165243459678612
1594,0.2538433395787324,0.5517583790535764
1595,-1.290752109276322,-7.598536703055142
1596,-0.7352962656400771,-4.362086433755279
1597,-0.14063625668544272,-0.7522290609881621
1598,0.9347938992686715,4.943310606995141
1599,-0.5094036258995285,-2.841674637686533
1600,-0.7764973635138741,-4.0573747747730184
1601,-0.5364794679696321,-0.8951660723757005
1602,-0.3765793611736394,-1.5833672562981038
1603,0.1011172357340849,0.3392960398968746
1604,-0.06300710866868169,-1.3762613308255462
1605,0.7152640919696186,3.0148800157465723
1606,0.9689950322555516,2.803294030989959
1607,0.6231349739218667,2.1816783073998445
1608,-0.5365759882729859,-2.874294580818275
1609,-1.8681965686066038,-10.18940219987496
1610,0.5381270053690315,0.7384652736039399
1611,1.0058234681601919,3.388225618082047
1612,-0.7710569646829348,-3.0659800851606933
1613,0.3157253807922076,1.1853578018141244
1614,0.4799424170451876,1.7625484164005434
1615,0.11711719278576004,0.43405483640975684
1616,-0.3681217397143201,-1.3426620446276578
1617,-0.3984643901161156,-2.117972986664139
1618,-0.12062782032625761,0.2793071367530351
1619,-0.0328977741602159,-0.7843376293105109
1620,-2.2647894901709003,-10.557730379554934
1621,0.07555948690660198,0.6889090843441648
1622,0.2694466148298038,0.18397051291550715
1623,-0.41310939018935183,-1.2811924060369884
1624,-1.3362020198751177,-6.205374112584176
1625,0.526609549581489,2.711880609745077
1626,-0.03795477986126774,0.5181261073460385
1627,0.7801600867591904,2.7056504723740478
1628,0.005936321115928334,-1.119288649177896
1629,-0.584640375582132,-2.3384997744190215
1630,-0.39428397089351486,-2.202494157337084
1631,0.5083531711258737,1.8379737166770282
1632,0.3588139669012006,1.8873058097947175
1633,-0.5074437739877715,-2.4696213617014755
1634,-1.0635762555708608,-4.833573102143478
1635,0.6906515187613305,2.8053555236781773
1636,-1.081411009870644,-4.670704330894338
1637,-0.27114441410784423,-1.8575517217024595
1638,-0.12772789309300528,-0.22312281976426346
1639,1.8684275321335106,9.041698541327365
1640,-0.029698793811093326,-0.3636839916312036
1641,-0.22375926034452262,-2.6585753709217697
1642,1.0703219405689084,5.059880200808078
1643,-1.6267621464760653,-6.636765516387585
1644,-0.5324048461717952,-1.091420948274181
1645,0.05269507008172537,1.0604063094186
1646,-0.431145527891481,-2.7786643149098316
1647,-0.6007251341960893,-2.118415254156911
1648,0.356703301221417,1.1248852642801122
1649,0.47922110426246517,3.3635531072002935
1650,0.9589544314296762,5.114574492814903
1651,-1.359304456765622,-6.740373747318412
1652,0.5837964090246557,2.6818867327217784
1653,0.597819256088477,3.299593044125111
1654,0.3380021900481825,0.6949155700824268
1655,-0.24118250282113313,-1.759016692484344
1656,-0.14756691990844772,-0.0019705473411750773
1657,0.06298951889094265,0.3413550011293015
1658,-0.5777783036978239,-2.5858523834283274
1659,0.5437146725012296,2.78696298567645
1660,-0.3994696229823108,-1.4594429688291972
1661,0.2512342344198453,1.1255486843444342
1662,0.4637447097471012,2.354330808453967
1663,-0.3230628558674456,-1.4455114884410547
1664,-0.9912392670924554,-3.8391665517015094
1665,0.9103235341099796,4.635566552337475
1666,0.5810034029152223,2.1626208463410728
1667,1.1095166471017717,5.740592224608647
1668,1.7975136692114047,7.400504269004507
1669,-0.2948919522388823,-0.9472789995806008
1670,0.9273633566813991,3.046970469443767
1671,-0.026958991467625152,-0.612187377861129
1672,-0.0635941482185694,0.22586826771330037
1673,0.5168639375133073,2.1669972470834455
1674,-0.5760363249342084,-3.513680227349776
1675,-0.008783879679725787,-0.9599702721914573
1676,0.21704207003242032,-0.31725041389105546
1677,-0.6403206358228859,-3.2232681462216286
1678,-0.6431138619097084,-2.9082283022932534
1679,1.2924635006172214,5.6838120798045395
1680,0.7884169696241822,4.2502613185557525
1681,0.3334530690392786,1.4093281017916977
1682,-0.14513586063560185,0.3351047064875037
1683,1.17338358570807,4.503989262208321
1684,-0.35445144712654303,-1.433703287821956
1685,0.23234726823699942,1.915472311581453
1686,-0.4933689049366099,-0.7560596891723326
1687,0.38678925529381303,1.290981821745118
1688,0.8074873962362404,3.94832713285952
1689,-0.8073859966192255,-3.58719210190526
1690,-0.9192227282256857,-3.618807290733541
1691,0.07596756703936018,0.999161532146002
1692,-0.6637131868931426,-1.7664941550061748
1693,-0.11706051680244717,-0.37827355018710773
1694,-0.5809582282820346,-2.4531675588037456
1695,-1.2482072188081716,-5.486494094504476
1696,0.1930614775591855,0.47534983319847796
1697,1.3315194724317785,5.628747043307431
1698,0.8246478071504469,3.656801851654606
1699,-1.2218325472478364,-5.702342045012583
1700,0.15361261034065904,0.7700404135215734
1701,0.3650698396333909,1.390276285322646
1702,-0.7137015883381174,-3.5153602461157605
1703,0.2527065850148096,0.6959762699452983
1704,-0.1829686735228606,0.028689086506662798
1705,-0.32325388108176856,-0.7344021561912304
1706,0.026419333613941873,0.5387231988282039
1707,0.4593911247740733,2.874487914925851
1708,-0.41376647764466085,-1.6116569382902473
1709,-0.007891579418128632,-0.30709625291758885
1710,0.7819181561138088,4.626079844196884
1711,-0.4183614594447409,-2.1705423473972116
1712,-0.4602975454948008,-2.559722379199026
1713,0.09435332882076405,0.624259990314824
1714,-1.0096859969234928,-4.849653006983088
1715,0.16103010564580283,1.3682932900018896
1716,-0.1507799267340284,-0.8099673728244835
1717,-0.8767131804237852,-4.450359754601548
1718,0.33240417992377935,1.162015262497377
1719,-0.33543989643730926,-0.1354651700106404
1720,-0.18412308526363957,-0.1819360867349482
1721,0.7401731835275407,3.058449496064391
1722,-1.1622029044960112,-5.507103739997423
1723,0.3776435349768342,1.6600032908657898
1724,0.3732833181462708,1.4563585813145976
1725,-0.017905871134204096,-1.4645721687279611
1726,0.2904528118889095,1.812808810559631
1727,0.4855425728468805,1.9307360960368447
1728,-0.9247288831790996,-4.176757707421455
1729,0.4179001943026235,1.9491024358711078
1730,-0.07928546421728715,-0.9780884446948603
1731,-1.0522974969024077,-2.853477684755271
1732,-0.7388120030658765,-2.5230546679108525
1733,-0.4138115747367063,-2.874996299931942
1734,0.69772982208455,2.5770758363643393
1735,-0.1545839482330457,-0.40335811778314357
1736,-0.5427644279355381,-1.81304787375907
1737,0.08855002566176896,0.7449712097000687
1738,0.37780729611737385,2.4792010552499075
1739,0.16706145841626704,0.5848375364392291
1740,-0.6837370585512462,-2.7158809196405316
1741,0.4119746919444259,1.9556902789552888
1742,0.3263138706331902,1.6524868338526935
1743,0.1420849615420208,-0.4162154351464622
1744,-0.6726866750230509,-1.924315148116101
1745,0.4503076313540341,2.994064483888645
1746,0.7651185375650504,3.187725398722157
1747,1.144039891589516,6.578987936311959
1748,1.0718165637400943,5.232534525085837
1749,-0.4349411064908326,-3.1565703163436343
1750,-0.2755053048444025,-1.4761807698471356
1751,-0.4184277100813569,-0.7673946228560964
1752,-0.16374448187534993,-0.8603503028092095
1753,0.4501201670051403,3.15157706872418
1754,-0.0892433756078239,-0.610828984656618
1755,0.247594061362785,0.5217128320758885
1756,-0.4140262859498848,-2.4869049943024875
1757,-1.4448920795425004,-5.6003790196013234
1758,0.9476909224177215,2.909222802181547
1759,0.16023737709236852,0.47563742055284386
1760,0.08952906486739735,1.4318461993670577
1761,-1.4448467180556568,-6.1095409905100455
1762,-0.1925580751587389,-0.7619825135069823
1763,0.7855542417557104,4.086943344950935
1764,-0.9616964598484726,-3.92246153390026
1765,-0.3788182449410974,-2.7388935901518074
1766,-0.02974230820967132,0.8863614027068296
1767,-0.35591716571675636,-0.6463790614186298
1768,0.6760641472422467,2.2918067110216898
1769,0.3599973968641854,3.0239824774988184
1770,0.5788426053298877,2.080646519112086
1771,-0.2263554072944712,-1.018573508742166
1772,0.5276593718556456,2.399359362793454
1773,0.0641223651269536,0.2715821459236139
1774,0.5350939936607393,3.576423893903854
1775,-1.0802297713773148,-4.765036578956547
1776,0.8889003882383669,3.4467909095366833
1777,-0.25318522595708437,-0.9310524827986825
1778,-0.9341269542122396,-4.027653845465184
1779,-0.0954654715615429,-0.7079901105316224
1780,0.46266442848013833,3.6585356979160215
1781,-0.2982805933028911,-0.9617935268090515
1782,0.1520391072464473,0.8967806001816789
1783,-0.8750653091290591,-2.7599399654976624
1784,0.31915523267144824,0.5440521517400876
1785,0.9840742137447857,5.181464672842459
1786,-0.7197572702409203,-3.12399320295104
1787,0.47072397523480247,2.3731215601655484
1788,0.686158346253211,2.110088432505205
1789,0.6821910689604954,4.3060126666662155
1790,0.67290709645119,3.2009971382011853
1791,1.2827249133025498,6.138039016555777
1792,-0.8820290546173641,-5.071871720785993
1793,-0.838537859199725,-2.9412343298911874
1794,-0.0973134358429536,0.5027920715382044
1795,-0.823236452503451,-3.2028739035400493
1796,-0.01281706665252525,0.25772325875398705
1797,-0.12380896763101261,-1.614542955245779
1798,0.37952839125191956,1.9116041249807387
1799,-0.19896599625256137,-0.5699145361354447
1800,-0.1410778114139189,-0.99609848825028
1801,0.2044557174761949,1.4465226380142897
1802,-0.21832897388631856,-0.93325879253625
1803,0.37421435814037884,2.145066680522889
1804,0.01066688679711222,-0.16822840121071442
1805,0.9167474817758667,3.1774086649856903
1806,-0.2577507230029887,-1.692337956786655
1807,0.1920117166947834,1.5043335590213802
1808,-0.8032556066771197,-2.733483252788864
1809,0.3231364253235564,2.2373230295968236
1810,0.331043860675999,2.631804665085501
1811,-0.29237942088749486,-0.6627320895447761
1812,0.268498401697785,0.9057703427636135
1813,1.132662048128829,4.835991547816627
1814,0.8175695405726141,3.406079324172166
1815,0.4910849914933728,3.0465581655537024
1816,0.16923730720509153,0.8739131554912678
1817,1.4622842117341943,6.129246159387219
1818,0.717421774762252,3.058387685733656
1819,1.5977624406293343,5.965533085647575
1820,0.3306629366290266,2.6530628175317696
1821,0.9795177393191694,4.461922451344848
1822,1.0829154625176134,5.349443592076785
1823,-0.08841480341472711,-0.3052933766933529
1824,0.533531803682471,2.9347897804104335
1825,1.237223985501871,6.401554785249935
1826,0.6433050616544509,3.062666895365081
1827,0.2589197710015982,1.6669993580101703
1828,-0.022258652646768882,-0.20435705572373053
1829,0.32573458100732205,2.069048338607915
1830,-0.7844799037213724,-4.634088818453565
1831,-0.21021289201206206,-0.008436274871308935
1832,1.1834005412762019,4.838449479764324
1833,-0.1343712045402136,-1.3596699602083449
1834,0.7018505009682965,3.934140499093741
1835,1.3893551605143493,6.414892159673733
1836,0.9615150053557647,5.480863599378141
1837,0.8514855365220585,3.7494136058333214
1838,-0.2101953726819551,-1.6633739911475924
1839,0.6322492196147038,3.8806831720924033
1840,0.13090441944987324,-0.2669249522247916
1841,0.838698942706511,5.368215892911039
1842,-0.4836823580338819,-2.625461724764577
1843,0.4869704336587229,1.9465764994432093
1844,0.15766554659742635,0.9995689638469116
1845,-0.011199180824876849,-0.07840824515544026
1846,-0.2628714024956296,0.18577430522493987
1847,-0.28767961536814146,-0.4398423108153845
1848,-1.1119066655606684,-5.994035312481176
1849,-0.24687569043288093,-1.9807996666604513
1850,-0.5281443498293992,-3.2485300670319677
1851,-0.6663526778794342,-2.6859428604765823
1852,0.1971994098783428,0.41512735611578583
1853,-0.0029885501092063523,-0.13535962607568208
1854,-1.457707354879856,-8.102448558761198
1855,0.3442148139985199,1.9070355838092807
1856,-1.2498858142215918,-5.150784662195531
1857,0.9339279882807395,5.3812661724609665
1858,-0.3795176478608965,-1.448702742054178
1859,-0.7941202706118473,-3.420209295763511
1860,0.18700202476532585,0.6604289981534263
1861,-0.45469069918464183,-2.734665721538171
1862,0.5980861275657797,2.2695628933484056
1863,0.3731166730421677,3.0464928920415555
1864,-0.9142201943338901,-5.342244425499165
1865,0.16008666022557758,1.143071724119894
1866,0.16637076750882393,1.1250009255832272
1867,-0.8157216771045283,-3.7146045721116647
1868,0.22927826274530072,1.7560146641725307
1869,-0.8608149918814197,-3.960361879550045
1870,-0.25810129731315856,-1.4627133175783409
1871,-0.8186003498880003,-3.320393805019145
1872,-1.474377069540251,-6.435108028019871
1873,0.5132095457174726,2.8383253197294085
1874,0.20772074564898227,0.06363467136892709
1875,-0.006049700385875585,0.8530049139800681
1876,0.015159060531130981,-1.3899727641221469
1877,0.7417495284701853,2.2429256636161536
1878,-0.4111657345467986,-1.5041883750201563
1879,-0.3071505955342556,-0.5475874952825149
1880,-0.5415779773104479,-2.2681337053180948
1881,-0.24377074429977483,0.05457568446204264
1882,-0.4034180709724484,-2.74540088411419
1883,0.7853510818122994,3.824506728694583
1884,-0.2831169779773798,-1.647845990034915
1885,1.0616157975808376,4.487533114470003
1886,-0.514324681483194,-2.7924937793498876
1887,0.1380603557385364,0.16479821826567498
1888,0.32358433763855543,1.1179950235505287
1889,0.21197450718875852,1.6817940238548192
1890,-0.2960119003406842,-2.159477554426094
1891,-0.2677193971813139,-0.982057826576771
1892,-0.1006099744310378,0.41135820846495486
1893,0.6939998309792692,3.8950795631551305
1894,-0.5054384099513545,-2.7257769703977157
1895,0.9590560816334859,4.6630131411485625
1896,0.4362276461959662,2.1234033707687967
1897,-0.6315082445404694,-2.6638476943538225
1898,0.024797405430463878,0.7112401758073307
1899,-1.143752241828331,-6.067120703605819
1900,1.0685664364082597,5.1070825635908434
1901,0.5867113378178745,1.985958411737836
1902,-1.2624525075158985,-4.8594407375641255
1903,-0.24646210282940414,-0.15436115749852797
1904,0.11535987602223706,0.5375115086099903
1905,-0.04432512708850599,0.3105192658996129
1906,0.6796969295045817,3.5284084733067207
1907,-0.6178587283854775,-2.487056610881159
1908,-1.3153673955782956,-4.59350517919639
1909,0.5424032144837321,3.039668114112988
1910,1.376466018527807,5.52633040941758
1911,0.4472005796091537,2.634466070796788
1912,1.781548026654984,8.491596169466458
1913,0.06330533548502272,0.2343730065611663
1914,-0.26544682803509756,-1.7823811040934086
1915,0.5382480165445759,2.1441912437134376
1916,-0.7159475655019112,-3.198454912963467
1917,1.4109881673337181,6.679394697547961
1918,0.6508930116475029,2.149213805746391
1919,0.17991344496369036,-0.7559196365766996
1920,0.27060250380522577,1.8791396658515396
1921,-0.7016953079059186,-1.787221010856557
1922,0.7902764392422008,3.0559222204865253
1923,-1.2707771398463652,-6.299377226599065
1924,0.8000191903866026,3.0686060842306593
1925,-0.6184999767682984,-3.3590318974121187
1926,0.31853649740150614,1.6976124170452553
1927,-0.5533667906400301,-3.7003320493299645
1928,-1.9207712678481421,-9.010189187407638
1929,0.198886457923932,1.0825544371060027
1930,0.8073451248171662,3.6429229405889925
1931,-0.17718430329611587,-0.7120938067651857
1932,0.5032325450251799,2.643031194550979
1933,0.6138423501728902,2.840966772485998
1934,-0.23679895345771212,-1.12286088902285
1935,0.11505153386048457,0.06519948768743106
1936,0.40329528273991583,2.5777287239813576
1937,-1.0893196518010944,-5.320927763426344
1938,0.8232883326048961,3.2496526352140105
1939,-0.8587818499967939,-4.21778503218615
1940,0.021831819970950142,-0.9555338476723674
1941,0.40944412797861235,1.3605420501852743
1942,-0.11524302978428609,-0.28449482479125865
1943,0.25442998159751357,0.1712258752122846
1944,0.09980808365288447,-0.391457322036529
1945,0.8861561520721359,3.268066591691473
1946,0.843451505166955,3.649785503361066
1947,0.19874134395147522,2.417360761984833
1948,-0.26751554173317943,-1.3564976564589133
1949,0.33795725587819586,1.261940568840306
1950,0.42811561057849773,2.641280888452931
1951,-0.6704232989672828,-2.5411228938207233
1952,-0.8027614338025687,-3.1699784085912603
1953,-0.6176843169002122,-2.157801621252594
1954,0.01306966121762247,0.8896843273272318
1955,-0.20014508040153337,-0.6965728041737201
1956,-0.07048633209192291,-0.6496279753980505
1957,-0.3106961282832021,-1.489670325377299
1958,0.3332195478458172,0.35445107061789116
1959,-0.10683082578126162,-0.8188745753693369
1960,1.5848775302221254,7.072744046612927
1961,0.10101412107309748,1.8751846378139738
1962,0.3885024354281755,0.9906607966316867
1963,-0.017673349147274864,0.08586914080593502
1964,-0.9648345600363181,-3.839403122056007
1965,0.6105930413366416,1.954403797046178
1966,-0.8295036885493127,-2.829946860083088
1967,-0.5021571477976772,-1.721682599688136
1968,-0.3076551381898228,-1.4498631217131368
1969,0.7437353470981268,3.448143263340387
1970,-0.8804335276819575,-3.043248301726737
1971,0.8161892758765326,3.2940096397586696
1972,0.4274778904076258,1.8985807418405705
1973,-0.25549245002142207,-0.5534247124320106
1974,-0.4632989090111116,-3.0243162759537014
1975,-0.9338169495281873,-4.6364422687468645
1976,-0.45028534343238175,-2.2881682197895015
1977,0.24994826296985012,1.0100876194239368
1978,-1.4080143393501672,-6.008462234506512
1979,-1.3980601130681944,-6.564126484664489
1980,-0.03547718980237881,0.5615150745766928
1981,-0.38872240367068034,-1.3217924689618685
1982,-0.0017732995961218902,1.0848127044499793
1983,0.48925645198284196,2.148615829214175
1984,0.1782332665545921,0.49483599356755975
1985,-0.13733425410533417,-0.5664533863366141
1986,-0.14373493326574985,-1.8316699550742053
1987,-0.728939010743059,-4.454476002199611
1988,-0.48950186458876005,-2.9778922634210803
1989,0.10194673608828557,0.9145339012241908
1990,-0.9436104049402428,-3.654301726980181
1991,0.8396507258143828,3.8594382898459774
1992,-0.410673976215677,-2.289001750451308
1993,-0.02003763044435056,-1.146344385893767
1994,-1.406405864302271,-5.176920290215664
1995,0.08079237348226866,2.213251580363007e-05
1996,-0.5457078654136766,-2.9573635304550496
1997,0.8114456049659075,2.141890457924782
1998,1.5574658358054223,5.174166647657146
1999,-0.3570444170746839,-1.357775260101565
2000,0.4702294973428623,1.835857532947487
2001,-0.10101628923250912,-0.9127198495016193
2002,-1.301421909692045,-5.762289998533667
2003,-0.1240877416158796,-0.17607918515629434
2004,1.1111163247118025,5.041499702954154
2005,-1.042979644299921,-4.498499377524339
2006,-0.011910567699565958,1.205753766340675
2007,-0.19293942633699435,-0.15084545260047022
2008,-1.2234727313539295,-6.7593263962171495
2009,0.18657604997131946,0.6223001155205505
2010,0.6201612524137806,3.478132049997173
2011,0.04990172688527314,0.5593910748212231
2012,0.47911683416194456,1.6181388792281872
2013,-2.06559125119437,-8.630613828849526
2014,0.39606587115295494,1.111504721878778
2015,-0.8995855218806565,-3.451818346046877
2016,0.9040441366963232,3.1025053531779005
2017,0.41744812244567064,1.4204384766543798
2018,0.23895352388089008,1.047336005386993
2019,0.7073014544749149,4.929048112649005
2020,-0.11559245766868352,-0.8091518048514013
2021,0.8876836998945715,5.31496157673697
2022,-0.043326625085805016,0.23242793991848498
2023,0.5700324220943568,1.8286875575080597
2024,-0.4475059781536429,-1.0538771656171682
2025,0.3504242460118254,1.4219320835269242
2026,-1.090185011617521,-5.193988211767174
2027,-0.5524495560598515,-1.9793510004196517
2028,0.3613540143346421,0.9553027732702354
2029,-0.942656605483617,-5.078591842762678
2030,-0.4139943868615998,-0.46446270037199633
2031,0.45154575313615575,1.694061053146063
2032,-0.12627106049321893,-1.1840474097825033
2033,-0.5362303592537249,-3.3439778760906207
2034,-0.6409579517518597,-2.72365609446937
2035,-0.4227122921280021,-2.437392924618328
2036,-0.06509743760290132,0.1602334554841211
2037,-0.36757416548008637,-2.4020912389574907
2038,0.9364986014321949,3.480099521442181
2039,0.5233228779554654,1.9121659416237802
2040,-0.2062143049732244,-0.24958423903172522
2041,0.41216906255114366,1.643648528820985
2042,-0.13301583493945487,-1.083937900402758
2043,0.5035168857617066,2.1934167813941263
2044,-1.3881620974590034,-7.176672322508138
2045,0.3768867682194736,-0.06851356083847882
2046,0.7329377229058853,3.1794662711594546
2047,-0.22613933645434092,-1.167468188489647
2048,-0.5932285037721954,-2.0636273114460315
2049,-0.19153421662713827,-2.77608395528595
2050,-1.0497233210187222,-5.342471834604219
2051,-1.259308228675594,-5.771763557920094
2052,-0.8417602364464858,-4.625536260923243
2053,-1.0214748899542556,-4.617713636614976
2054,-0.46541058908696786,-2.392145169599896
2055,-0.17623281171476815,-1.719244863552258
2056,0.6592121401990046,2.269090902969122
2057,0.7185387186226628,3.614423336486269
2058,-0.4396529723987337,-2.158205276287335
2059,-0.2533763065273219,-0.7253614987600816
2060,0.4628899734691136,2.012511125167909
2061,-0.04378844035667961,0.24498910866362075
2062,0.3705876352729762,0.4552387514886256
2063,-0.8330283681027483,-3.975824481207298
2064,-1.0497353117264854,-4.7449709766657815
2065,0.18123057285036423,1.1614054458676253
2066,-0.885831087724576,-3.134013258558683
2067,-0.20682148293146058,-1.231123574455741
2068,0.5480660008480679,1.8055696181611216
2069,0.5223262026006131,1.4183125869695894
2070,0.6554500515753369,2.9678898805629412
2071,-0.9266037128214714,-4.100760885840497
2072,0.6107328877023724,3.1005933603861595
2073,-0.7312935916304584,-2.4455281866003356
2074,-0.009518243464718208,-0.6538671511731334
2075,1.131605886194308,4.626611478685478
2076,0.42842554516787706,2.722831153032388
2077,0.29223750144144633,0.4708853374957216
2078,-0.49288675300105494,-1.330223520696881
2079,0.4047049173097436,1.8223612957241884
2080,-1.2361290617313019,-5.4131970398537
2081,-1.3575820473612703,-6.0331752872606295
2082,0.02241680455216834,-1.34591728836125
2083,-0.7335115637170525,-3.0811919971674864
2084,0.5964378628995157,1.5112517398919665
2085,0.2140796861996633,1.676051846119845
2086,1.3119142879471095,5.101914770680823
2087,-0.45094836483004086,-2.1775720763300934
2088,0.6584926385478846,4.349418656759539
2089,0.8868149408418289,3.919514718898167
2090,-0.2978041490653485,-0.15823634562179856
2091,0.22611730786565976,1.7812298588083366
2092,-0.2619501823945463,-1.3136168078722898
2093,0.20229572072826932,0.6138839542717122
2094,-0.1543330352230026,-0.25367545012514375
2095,0.48622423158278616,2.4752054838208704
2096,-0.49213428798636705,-2.706142249671835
2097,-0.755252867510395,-3.1656047611675446
2098,0.9750822784275286,4.2160667517268555
2099,0.18290975384300837,1.4131588656468184
2100,-0.6089481404769054,-1.7037211684475204
2101,0.3169415328870891,2.2228314357919485
2102,0.526042271037572,3.82163338258733
2103,-0.033041301087125836,0.29596870737183456
2104,1.5171121843640014,6.730917511244465
2105,0.03747179160237716,-0.17070468283540446
2106,-0.14426482729203705,-1.5279035292979253
2107,-0.7137184773897718,-2.323550539506042
2108,-0.1867162835690418,-0.7289192429781957
2109,-1.3216932183439503,-6.325554340675078
2110,-0.2684077374218861,-1.482863190691211
2111,-0.5186524158862386,-2.637016788905298
2112,0.7463797972359189,2.8823939123275597
2113,0.6032156991038569,1.7657623330050392
2114,-0.9230596284810761,-4.451548153740342
2115,0.060031151267735394,-0.4955674641484003
2116,0.26771628826628713,1.6016431362322554
2117,0.09906386671144714,0.44406965693786055
2118,-0.6995235386220945,-3.533078677966898
2119,1.1612969327550666,6.3450991563427355
2120,-0.9712681307908044,-4.198972445310342
2121,-0.2611224267957621,-2.2312415783292296
2122,0.4881959223670047,2.2419660114650757
2123,-0.532285295967361,-1.517379040790892
2124,-0.8176997753307098,-4.582065577508372
2125,-0.9040051175822864,-3.9380004891514093
2126,-0.33017212376503186,-3.3889794458248446
2127,0.8124470237632727,3.2177548301872285
2128,-0.6889583037875749,-2.953233537281238
2129,0.09725250230235416,0.3574667222452499
2130,0.006524259088127662,0.6913759942799684
2131,-1.0887521835515261,-5.6137075526440885
2132,0.4820477103731793,1.4471211676990339
2133,-0.5189033847830301,-1.897850529618102
2134,-0.08071658820426697,-1.5767078120397897
2135,-0.8559620635592685,-3.480641083587839
2136,-0.28930681826364396,-2.1917569835034567
2137,-0.6689012534541662,-2.9550319252873463
2138,0.5740971123109964,1.2035821185337015
2139,-0.19928065884577387,-1.7191443814625567
2140,0.8543383442529962,2.5710217717080597
2141,0.7235487336072499,2.5046115134034412
2142,-2.082869199055461,-9.87625543920875
2143,-0.20308301752959138,-0.022753002850743664
2144,-0.28850101595197736,-1.4373330738954049
2145,0.010076356311407355,0.04294973765151744
2146,-0.29010956609161515,-1.597042360628004
2147,0.20916933233902912,2.485365655735193
2148,-1.0868759958033798,-5.002283001104429
2149,0.08630181223192517,-0.58485796338464
2150,-0.26292090826146564,-0.058819168594373306
2151,-0.5203853123157309,-2.2764786168272466
2152,0.7342985677734659,2.5410330665255945
2153,0.7851698042612025,4.154514559904861
2154,-0.18541503375460208,-1.2686304806465591
2155,0.32364157133720534,2.023257972261516
2156,-0.4738876870219787,-2.0395822390577285
2157,-0.6198544581471754,-1.8150626315110163
2158,0.5261710008188715,2.974696060866894
2159,-0.2680559710521305,-1.362732936412395
2160,-0.9154188030577125,-3.639565119439
2161,-1.8132627717218186,-8.617978811832534
2162,-0.2013317441382216,-1.063735976522402
2163,0.6024070553124314,2.2629487042414693
2164,0.26120880868146595,1.8747764460581458
2165,-0.17305942357566084,-1.847241996769315
2166,0.6997114366996968,3.1936812991473524
2167,-0.24033740309303264,-1.1870356103946247
2168,-0.5586191102831047,-2.5361869364117227
2169,-0.5906513504422692,-2.448624204261164
2170,0.01668955152048332,0.3909662731611969
2171,-0.3059149519620273,-0.9286834763112688
2172,-0.0906512162153871,-0.4105245574476819
2173,0.40929299284926124,1.5961911885140192
2174,0.37495603204675676,1.3807733373847364
2175,-0.8826221313322118,-4.549136731584291
2176,-0.16745914676066875,-0.7884478867466088
2177,0.40972765517658116,1.4312226907483443
2178,-1.4884908544503128,-5.416103615266274
2179,-0.707478289057008,-2.563289045507827
2180,0.6066429520264237,2.16389404633271
2181,-1.21834166433253,-6.520871712785943
2182,-0.24755317329537044,-1.2485112185961795
2183,0.7210829487425318,3.0560718059535743
2184,-0.3338683695224557,-1.4797679983894747
2185,-0.013295830163219498,-0.49195364343074743
2186,-1.1945364701579548,-4.155124501137947
2187,-0.1392166530706966,1.151888019260611
2188,-1.9058132542377153,-7.886852361392283
2189,0.2707410834191925,1.2628932135241204
2190,0.2615697548986926,0.7598631951894901
2191,-0.13758115154692546,0.6070205693174529
2192,0.14620119835717604,0.2488090262096525
2193,0.041364090507434906,0.26762711684473217
2194,-1.0250409389650426,-4.676178882689453
2195,-0.6126122196302491,-1.4343863239453585
2196,-0.1552462424939785,-1.2994554573525807
2197,-0.7606770017884402,-4.274086758529373
2198,-0.36450705185933885,-0.6521369403387289
2199,0.30573098748815,-0.09022180554196924
2200,-0.2765485213550414,-0.7274147388133324
2201,-1.4649135940669404,-6.7759161523745295
2202,-0.6701036536005202,-2.7874371331638894
2203,-0.6474284187110452,-3.021204871026557
2204,-0.3242353753329167,-1.6592432268603392
2205,0.8854365240152345,3.532866792244535
2206,0.1944400212346105,2.0242857274284534
2207,1.5998965241022376,7.826258334198488
2208,0.21509644786607118,1.9961783556282935
2209,0.09644727423157966,1.0783943695800746
2210,-0.9544203711959703,-3.702842362094543
2211,0.4568209967290961,2.5852645229062254
2212,-0.1508436898496633,0.029845115500436337
2213,-0.6325451684249471,-2.305330783896352
2214,1.0242586289329922,5.481710836180449
2215,0.045317301119958145,-0.15757414021622973
2216,-0.46529054615711357,-0.9026501633555579
2217,-0.3945893583078988,-2.03679913561033
2218,0.41614487622990404,2.132921052967076
2219,0.21031144325576395,1.8200972664454234
2220,-0.38440731315231036,-2.2769673534939088
2221,-0.04105449490996503,-0.17140398052272307
2222,0.037323600518497056,-0.5641006877821653
2223,-0.9518362584327128,-4.020463145307497
2224,-0.37130475740813157,-0.3227890969370901
2225,0.5414133986032647,1.8185316083669285
2226,0.3943656323229107,1.0519178197057042
2227,-0.10862108633894794,0.18826046219455816
2228,-0.35859899597278827,-1.5035847097520754
2229,-0.42357315043732957,-1.1200080845504612
2230,-0.9655537694231533,-3.65309048784456
2231,0.6438991261954289,1.3526493686783883
2232,0.0870373993251392,0.48835925447480427
2233,-0.036944411529474856,0.056430516381692275
2234,1.2378060313202033,5.033555661482125
2235,-0.23727872551952067,-1.0525242548777909
2236,-0.8592941638317807,-4.1217801580328715
2237,0.045958838429750855,-0.6771212914869351
2238,-0.7957239960196342,-4.4188312599190205
2239,1.059567615403943,5.329929788822582
2240,-0.5363397384535908,-0.701868013805657
2241,0.5809481782278336,3.3227157921954373
2242,0.4692742323578736,2.3799135741243136
2243,-0.3479165197152462,-1.9417346240987179
2244,1.158046931171678,6.571731785587016
2245,-0.0922941931767958,-0.6101262366745618
2246,-1.4566674881536843,-6.588866975216908
2247,0.4670566273252815,1.9390133439166246
2248,-0.19149385880824996,-1.0831431065490655
2249,0.7041933781590369,3.611010390775399
2250,1.144682272924009,4.356969338293977
2251,-0.3973050951340936,-1.3545401626403555
2252,0.4385016680576208,2.099503358372206
2253,0.36827593770966544,0.707519999140678
2254,0.5075386296171633,1.232921581148111
2255,-0.004477693619849079,0.15841221165065114
2256,0.1716146988712772,0.33315942079684435
2257,-0.21257894418088916,-2.0658623813390324
2258,-0.840241080060754,-3.247237233031328
2259,-0.3977536696227044,-2.3319096855576875
2260,-0.20329164493943488,-1.1037041073663196
2261,0.09362750108497607,0.6756159574789796
2262,-0.32346577584436637,-2.2947137115222844
2263,1.376767059841386,6.33953138308636
2264,0.9098470500299684,3.4059770832109963
2265,-1.2990565962707679,-4.993654866057747
2266,-0.6805045316290215,-3.2155699236033355
2267,-0.2581422035507868,-1.3571409614177565
2268,-0.6521758944889433,-1.2405227131029188
2269,-1.348421932231518,-5.988956464563431
2270,-0.9118658827080374,-3.287008782202193
2271,-0.2430199132293148,-0.8884452275821051
2272,0.10161081883224389,0.6886507406812481
2273,0.10844409180311637,-0.5469407774399607
2274,-0.31613522857448856,-1.8747373894108499
2275,0.2784452782578641,-0.2721130457675478
2276,-0.33275374108029065,0.1937306685593161
2277,0.4434472533375667,0.7896363364998329
2278,-1.5393032726213292,-5.955441225192245
2279,0.11200670806998682,0.9754596799809194
2280,0.4126385747175134,1.1020081470318432
2281,-0.021983528073960198,0.755776338682522
2282,0.6715885241174965,3.6592145789551003
2283,0.25498577942694994,1.6518319933302354
2284,-0.5078144107778964,-2.5496750813390823
2285,-0.2109178469941132,-1.2794008543801951
2286,0.3767509074111749,0.9667610118189208
2287,0.790494209893031,4.358493747868951
2288,-0.2912962013605865,-1.5247853524164254
2289,0.13443863222868335,0.34865600659508
2290,-0.9059507536126935,-3.019748619480549
2291,0.07649248378000159,-0.028136290888110482
2292,-0.3739572376996165,-0.8138669980171074
2293,-0.11056818471480614,-1.4436696070731139
2294,-0.2706825891483485,-1.6292503880185953
2295,0.7123558364699546,3.1654412407957744
2296,0.11664521254333435,0.8131708849774106
2297,-0.7857458391729961,-3.9535581193090383
2298,0.04029761286895967,0.6004999018728538
2299,-0.8100145599258896,-4.0527347816206785
2300,0.06144204561142245,-1.0466421324413107
2301,-1.0946221542911094,-4.503042671804118
2302,0.02554744329498232,-1.8030494346232644
2303,-1.0752024910597646,-5.564223011150101
2304,1.2195865718742411,4.2376796823369
2305,1.1436312768598964,4.406744224878024
2306,0.5775604066211248,2.982370722737276
2307,-1.277418255290856,-4.175261014881164
2308,1.9701843481328785,10.16357721985531
2309,-0.5182551040801215,-2.699640009398515
2310,-0.48632230320476133,-2.8652047982514137
2311,-0.24684813778071124,-0.16968237515897022
2312,0.2608208987159862,0.7161773037821251
2313,1.093767690262104,4.512879445272449
2314,-0.6964605570121127,-1.5361658589664773
2315,0.9938013555646151,5.035201270161216
2316,0.5125763711587745,3.1235494618868724
2317,-0.12665841160320843,-0.46924950667366255
2318,0.5798173978418297,2.4255932771703974
2319,0.6809691905252466,3.1285171554116644
2320,-0.9224221000947964,-4.280289279691537
2321,0.9545367995595317,5.168787688011178
2322,0.13178687556077848,0.28549282555102085
2323,-0.13102083646118104,-0.45110234906422675
2324,0.674076801889285,3.1388285682722623
2325,1.4185073385229303,7.7356670429565
2326,0.36611397769888954,2.2887819857279093
2327,-0.2468634062034613,-1.939688387449876
2328,0.321839627598417,-0.5584540143167489
2329,-0.7692142220225933,-4.868666768663623
2330,0.672152557476034,2.6734530366343856
2331,-0.9123282981760783,-3.9657123063299013
2332,0.48651511703343336,2.550049773599486
2333,-0.23803027476082164,-1.3520484896706608
2334,0.945002230033964,4.026205766267548
2335,0.7018863117079184,2.6558926712691253
2336,0.08716540880243898,0.33849887317764116
2337,0.988686828175355,5.471441354697394
2338,1.027088873905827,6.012578047848603
2339,0.5525759260087192,2.918755001475307
2340,0.6096008852634572,1.803903542276187
2341,-0.7420484710090988,-3.7952472941733286
2342,0.7552774695404278,3.6272984911144643
2343,-0.3202266064273786,-1.8180826064844586
2344,0.04072070580841939,-0.2859126991959229
2345,-0.4269706174973332,-2.568999315762293
2346,0.050761825110156596,0.24438313385776939
2347,0.4452704284084189,1.3553722735750244
2348,-0.5586935618484675,-2.0319142625078936
2349,-0.05334078128231855,-0.07534663818087842
2350,0.11584153516801043,0.2361629461628426
2351,-0.3042545354861335,-1.9989700732092297
2352,0.049962756609682836,-1.321611580208597
2353,-0.20492648955243387,-0.9222047476026898
2354,-0.527050346817009,-2.51468993869375
2355,0.678476924670622,3.137959946806146
2356,0.29210388518115926,0.7051114805226
2357,-0.20931131018905086,-1.6801582555800678
2358,-0.759396553342271,-2.555017974243575
2359,-0.19121368432453598,-0.5031580554685979
2360,-0.3096931896934825,-2.0579645546863023
2361,-1.127588696373685,-4.888895887156675
2362,0.5321400903854605,2.37549690463631
2363,0.6154581582858203,2.185425196435246
2364,0.12585615849433077,0.34380379294329355
2365,0.3976952171797279,1.6846570508668108
2366,-0.42088766968118346,-1.446212904111539
2367,-0.30013007545167725,0.13155146306403087
2368,-0.7389236985982118,-3.1254497756805146
2369,-0.22416204296759912,-1.62349567538118
2370,-1.0454479034702207,-4.026210589694298
2371,-0.6534116040041492,-2.2236995216977724
2372,0.8496295565783838,3.362772082262995
2373,-0.9261540130448548,-5.241247301481765
2374,-0.09120858997052485,0.1130191881003581
2375,1.0595868818253251,4.606552043149414
2376,1.1562033717208064,4.900103754249151
2377,0.7559873885723749,4.699937890733712
2378,-1.426963037047958,-5.983856250788479
2379,0.40877175245251096,1.5735775283269495
2380,0.7807902823074269,3.475835222355033
2381,1.2273144203636397,7.251724641212028
2382,-0.3538564440793756,-1.2652112621008653
2383,-0.15885711810716713,-0.03175314227351911
2384,0.9356889779606788,3.5754820374187832
2385,0.6344492588524763,2.7964669363264343
2386,-0.11954275478744025,-1.1501559580573593
2387,-0.40444536399948977,-0.746835662957112
2388,-0.02366937130838072,-1.1367402432290266
2389,-0.4186155942071602,-1.5565564733485489
2390,-1.1365001221866216,-4.236932112107395
2391,-0.16240473457477456,-2.4420259563750952
2392,1.0658916466787047,3.998353330115479
2393,0.17347073842228314,1.3948808604649354
2394,-1.291805384393124,-4.811501806155537
2395,0.6812860040630513,2.414359025087247
2396,0.28266678789161664,1.8414567673406745
2397,0.8522925104911729,3.8616701360174166
2398,-0.08397700756756621,-2.0272975075156348
2399,-1.5886444684597878,-7.4847563790391405
2400,-0.6848359725976556,-1.457750874543548
2401,0.559017252945668,2.3777612610679433
2402,-1.6125155723253193,-8.1401573663117
2403,-0.42118330110670843,-1.3340092116730147
2404,0.382702864528238,1.9638978985891078
2405,0.12816943472439307,1.0249180035631267
2406,1.0333149760734153,3.6428250512893103
2407,0.09106991142148226,-0.7483443810990578
2408,-0.12180268493071383,-0.06542452686749745
2409,-0.5930057205343741,-2.521722334931188
2410,0.433082090060673,1.6070849476414717
2411,0.1890769201895499,1.8477946615849732
2412,0.1723196931024595,0.3749349733457069
2413,0.8042533825467616,2.983427003613755
2414,0.653201857131673,1.7932590878003194
2415,0.23182122955619403,1.1829561017478678
2416,-0.3268521196825302,-0.9098096052300437
2417,-0.2749505839946897,-1.6683196314513045
2418,0.3312635109683408,0.39154796508450973
2419,0.8272830155650568,3.0031780391936587
2420,-0.5895993486472998,-1.8812213194525729
2421,0.015497571702640623,0.6221040363824712
2422,0.17498691451584436,0.17024686575609105
2423,-0.5727461029468901,-2.2521319134410827
2424,0.3571486535404974,1.8638454832979003
2425,-0.7917537720209996,-2.6731504083069133
2426,0.49661301608675523,2.228759722654527
2427,-0.2475837182022724,-0.9679527894185255
2428,0.07009527187736161,-0.6901935285691569
2429,0.7878894605921611,4.239729177945284
2430,-0.35770330646757553,-0.9679279849438148
2431,0.1684622387535419,1.3597403665086687
2432,0.3036145133236521,0.8260382528434527
2433,0.5734299416911894,1.3839600587640426
2434,0.6838345730756379,3.6174934204296907
2435,0.5166903945947705,2.6402811856831847
2436,-0.5090795589319981,-2.4662515060563113
2437,0.5258536531673417,2.679901252639457
2438,-0.795941230490659,-3.9832872393862058
2439,0.5398263907010811,2.91318477206911
2440,-0.6728695903803349,-2.518653894228734
2441,-0.1818962573876633,-1.210417572651887
2442,0.32300074800089307,1.5678266694191911
2443,0.708381477355715,3.161600959684447
2444,0.19147800289233463,1.2346290446184178
2445,0.4532120304320923,1.3044338627190775
2446,0.02791485219403373,0.7508641216703462
2447,-0.5956770951717006,-2.7727042699672944
2448,0.38893050375778293,2.561462436468586
2449,-0.2064321626314444,-1.4826036579968442
2450,-1.1928352064764887,-4.213652588474461
2451,-0.8452095626633399,-3.1534172805941862
2452,0.29278658863961293,1.745772800077729
2453,-0.06292465993084596,0.5202992929075672
2454,-0.8021058945064905,-3.315110411752647
2455,0.7385762058148259,2.977438344611106
2456,-0.01639048611711811,-0.5551142247470513
2457,1.2234894668575254,6.201779868663422
2458,-1.3264824684519803,-5.385965977683787
2459,0.09092600720519851,0.5888476582751785
2460,-0.2070347850564981,-1.5016930970690057
2461,-0.18629434426179275,-0.9652203457323908
2462,-2.109824534659243,-10.212274089754196
2463,0.47220134616065185,0.83069967142964
2464,0.433200877772361,2.744225491097299
2465,-0.2816004731437049,-1.5170049571484543
2466,-0.08670017345401043,-1.338668761050134
2467,-0.40344103108134893,-1.1911137545681694
2468,-0.6677825582071123,-3.4438411670975166
2469,-0.714967635526261,-3.0341632695462986
2470,-0.4060856321155705,-2.4032641520175018
2471,-0.917062924824042,-2.7016455477085
2472,-0.5460229452296946,-1.7552075114380097
2473,0.3266648543775146,1.0704639954577397
2474,-0.5517321495931967,-2.3006104557413503
2475,-0.06057099623918238,-0.7843331468152301
2476,-0.9424462970807528,-3.618270379881361
2477,-0.21632592567010916,-1.573040116096461
2478,0.6389786312629288,2.76850494284831
2479,-0.38216771130003757,-1.0674659471030816
2480,-0.3637824491401585,-0.729262912881162
2481,-0.2436995478753215,-1.2710629145862593
2482,-0.09615007031227621,0.08682314759460064
2483,-0.24170740362284934,-1.9519041995864574
2484,1.2820548833684222,6.360025479355215
2485,0.18293293282897816,0.5691104216237577
2486,-0.17888322094278758,-1.6804222737647772
2487,0.2963261187750884,1.185328242532436
2488,0.5395244941288702,1.5613750718290191
2489,0.34134816660753037,1.6873718493157057
2490,0.05871161213806717,1.227009722027172
2491,1.493008769758695,7.3964722983100755
2492,0.03987641651107801,0.05953855779546341
2493,-0.2852657676305774,-0.5262285346747894
2494,0.7711400899640151,4.303732717934701
2495,-0.3683544546925806,-1.6109620846939579
2496,0.22042175800138297,-0.05361029974871567
2497,-0.05912017505178893,-0.2299762893941925
2498,0.34727029784343444,0.21508542151211207
2499,0.6518801053335567,2.321879232403578
2500,0.19542734788128113,1.011996840960734
2501,0.30428827619470994,-0.5191812634654265
2502,0.20485705309399402,0.04679950181673531
2503,-0.20377791392966987,-1.893241122419937
2504,0.27241997610748,0.2739381215813972
2505,-0.7587704679114371,-1.9517565586196712
2506,-1.3642268759785687,-5.36093861939547
2507,0.4870001174915784,3.3704982488158346
2508,0.20259793465897383,0.5206425141886466
2509,-0.3630446654547599,-1.7700893156212276
2510,0.1376180853748024,-0.5621626914739505
2511,-0.023021362331869178,-1.5003224873076544
2512,0.6024852407718746,2.422020002554368
2513,-0.7085418711164281,-2.973037155535854
2514,-0.6619928616326687,-3.3377051975049867
2515,0.2126414297256686,1.2868337111983443
2516,-0.48257494033333603,-2.0979371119265497
2517,0.7089371940818457,3.408672181074398
2518,0.5906293817289092,3.0926440370312482
2519,-0.8446581480316028,-3.3235101124682758
2520,-0.6607363604280244,-3.6128980780310944
2521,-0.46812590436949336,-1.7236340218463955
2522,-0.7852033800237405,-4.683934492754062
2523,-0.7916395003669822,-4.307834413012689
2524,-0.025821265397771572,1.0257193746895863
2525,-0.016639205015733922,-1.1300260609312964
2526,0.4311227469913174,2.6783658973074007
2527,0.18940515214607048,1.787431676789514
2528,-0.432245659934238,-1.842815099169688
2529,-0.0954779397809343,0.17400009327201316
2530,0.3324639823336414,0.848938092505411
2531,0.11607347027751447,0.4974695363630794
2532,-0.8148970500592227,-2.9519478891279345
2533,0.6110316452382908,1.6602542684174555
2534,-0.0076131582838205826,0.07732554202930428
2535,0.3600095305514537,0.8226468755071665
2536,0.29615481134328026,0.6378334517241069
2537,0.6428006912009092,4.061889929395095
2538,0.37147911629507496,1.1694188181761123
2539,-0.9651412562765052,-4.08778397218229
2540,1.0659029751505533,5.759403561169142
2541,0.6196556071221822,2.2045977472818867
2542,-0.3380578213623748,-1.4742265945219086
2543,0.3794115712122956,2.3138574889799424
2544,0.34480812016535345,1.7696322228464005
2545,1.5544851596167713,5.968498455683137
2546,0.6560073013579408,3.2006189677421926
2547,0.04322016028866189,0.4034835619514381
2548,0.8173808145439444,3.709073344774933
2549,0.16072964259516556,1.3497910794211772
2550,-0.2336961479793334,-2.718422638925116
2551,0.20786253132517765,1.8891497175037397
2552,-0.7772803495844406,-2.783315630793217
2553,0.24901646952774428,2.4239696912489306
2554,0.06557111862146986,0.6170468345817787
2555,-0.6484466614753294,-3.111691653973567
2556,0.49933536868752865,2.049702151281872
2557,0.6512763681071793,3.5171433227785736
2558,1.1456964197211987,5.178258149568678
2559,0.4859841078941869,1.7948017988693945
2560,-0.5594256471129718,-1.839517259634541
2561,-0.7520223627324819,-4.009909303487923
2562,1.0216494169344161,4.576575733962232
2563,0.0473992054311367,0.2630895226352997
2564,-0.6166910200899064,-1.9764522104532496
2565,0.3483045703385704,0.8494573435861499
2566,0.4752400643019089,1.3350899688523197
2567,1.8363562518176184,8.647338729561177
2568,-1.0826901615187936,-4.728483097449413
2569,-0.9552846067545052,-3.9217462747568437
2570,-0.18566148918778064,-1.2474296239459561
2571,-0.018711023539966076,-0.3317946096672346
2572,0.5023070121953859,2.906710101889289
2573,1.3056954331762083,5.2912044803924765
2574,1.1858649619654413,4.103686000315158
2575,-0.7279181008992811,-3.559660655250803
2576,-1.539256829095226,-6.775172732870078
2577,0.6689458902862864,2.489192276545552
2578,0.3316447064792735,2.0888033716307284
2579,0.5759982693430407,2.6939329177443976
2580,-0.4548361383656136,-1.7413220240441516
2581,-2.442010953536069,-10.64808570779011
2582,-0.9380825679576565,-4.882189457663484
2583,-0.328562074311934,-2.1823748955150606
2584,-0.1626196042391152,-0.6590296517598166
2585,-0.40534606962817676,-1.4036897114697786
2586,-0.5471168122662032,-2.710235490734656
2587,-0.2379968824031171,-1.0512268557337412
2588,0.23514716437886343,1.4488507704213598
2589,0.36507085952883106,1.5966346989533764
2590,0.49020558196145847,0.48295860842143523
2591,0.37893161313208634,2.5670385522485466
2592,-0.8291330616518776,-4.067172299767556
2593,0.6625925037170115,2.3706924985037507
2594,-1.0798852766948102,-4.559259346826903
2595,-0.397858754395429,-0.5303887134232859
2596,0.7965483046959567,4.30349453148842
2597,0.4442061028966331,1.3030450585982385
2598,-0.6865979759327744,-1.989518246489035
2599,-0.05634463200469696,0.9437040192658812
2600,-1.2148215660877122,-5.310065310825938
2601,0.9679452972616669,3.956697741923648
2602,-0.35491158415393054,-1.482380307006412
2603,-0.2888556312924618,-0.3772696137970868
2604,-0.18855196376273703,0.3469168545021365
2605,-0.03854383518019271,-0.4289290799695383
2606,0.028797427075941684,0.6781979898577941
2607,-0.2293658672176154,0.41414216056354203
2608,-0.22918683359003025,-1.4063382173736407
2609,-0.21343938359636058,-1.921518311153553
2610,0.2919169290488192,2.691912901413822
2611,0.6232631183575362,2.87458480263659
2612,0.15175209693090763,0.8981946233086344
2613,-0.11750613254075516,-0.9640381361904237
2614,0.18763179745708675,1.209744137550618
2615,-0.024552916820866143,-0.20664583397424863
2616,0.35045241309071695,1.2904408132411107
2617,1.4395120851610848,6.973514358455792
2618,0.45402897161865613,1.0175879801663175
2619,0.17027839766339842,1.9745272127716387
2620,0.03254001629645198,1.7258419644697813
2621,-0.6828102205351751,-3.0519990278602602
2622,-0.9972333653136263,-4.052993330171748
2623,-0.41893972977841465,-2.5446204763435913
2624,0.03732495010383935,-0.4570595792040974
2625,0.9542052334396179,3.3944312193379136
2626,-0.22779476245848004,-1.5727006363877223
2627,-0.42090798267304186,-3.281403895624401
2628,-0.23079599314807997,-0.38890232933613056
2629,0.08601572109959962,0.7833249065049931
2630,-0.3955619901955137,-1.5777938691743427
2631,1.1538670045651658,4.2556378370267005
2632,-0.1874202718772441,-1.4721958379616518
2633,-0.1592180108085379,-0.4363162452968189
2634,-1.420900868720435,-5.24412752544482
2635,-1.383327167340072,-5.51950732215482
2636,-0.07541961605908569,-0.18666481695987786
2637,0.1297004888734412,0.7633128789568012
2638,0.3913131345187163,2.8073341960515976
2639,0.11537842750337686,-0.16875731210537914
2640,-0.03001773572283822,0.18004611873224488
2641,0.7216986424312644,3.29022490376395
2642,0.0908361003330703,-0.007695536522291158
2643,-0.2765444979400745,-0.8580560216005246
2644,0.11865893912590399,0.1646093056495841
2645,-0.030467069946521347,-0.7842905242087628
2646,-0.5851457437599323,-3.3700371007430165
2647,-0.9572698786068075,-4.297552851429318
2648,-0.40640902996510175,-1.7425272292036467
2649,0.3960853557669232,1.931732993675314
2650,0.1402630001686585,0.972274645877108
2651,-0.33645348733042735,-2.3131229432578495
2652,-0.6070342535941263,-1.8326353196047154
2653,0.7744009026706763,1.9604383291336365
2654,-0.3001546923409009,-1.8940965344356524
2655,-0.2577574392808696,-0.44029081145329774
2656,1.2864560514992527,5.157176709774049
2657,0.09616466066193889,0.12262078886480882
2658,-0.36416970583645736,-0.24599451058899802
2659,0.19748163970209842,0.14569372875056985
2660,0.021383713520253693,0.4425198054840186
2661,1.025420825366441,4.252765106111305
2662,-0.08775582600785568,0.391010023960074
2663,1.0315322322999017,3.8699592251895814
2664,-0.03456396417682508,1.7796504163816929
2665,0.7523211851943282,2.9867486626009874
2666,-1.9247684701698855,-7.971616987164692
2667,-0.3582387794971887,-2.1026392599248145
2668,0.33861288953815216,1.5381467466631527
2669,-0.7850979010332682,-2.621950616319289
2670,-0.5377959862347786,-2.084050252312491
2671,0.04438889893817758,1.0210364968790153
2672,0.6692514295257386,3.515035655226345
2673,0.6266138345260186,2.8401722697183533
2674,-0.4786252619655782,-2.1909138190107487
2675,-0.38046382662706024,-0.9480807444750379
2676,-0.4125803920324582,-1.389060898550258
2677,-0.21319378900313668,-1.7454487744693692
2678,0.7194790603290129,2.403991158779712
2679,-0.5156242015494745,-2.808915744785552
2680,1.4929371562773335,7.09426269501374
2681,-0.10478966519105865,0.28096356427622815
2682,0.23969298256937252,0.7961966643230507
2683,1.496941573191593,7.83955904763483
2684,-0.48022332012714497,-1.471586061998247
2685,-0.8635647390712201,-2.4523774727531684
2686,-1.1763954872573241,-5.561680382440384
2687,-0.7694880928624338,-4.01852874029896
2688,0.8038489317495742,4.512920709825325
2689,1.584533453800341,9.273485493400424
2690,0.2573477691487533,2.2516817455779803
2691,-0.20924040797298057,-0.8320523863007918
2692,-0.6258821389722067,-2.836500426614205
2693,0.2897124486553279,1.0155946219840568
2694,1.114941803652042,4.883345164813242
2695,0.6845207994891491,2.860705985185086
2696,-1.1149219860227009,-3.1479177860032683
2697,-0.45911409952042714,-1.365529225498984
2698,-0.28061555442627834,-2.1260672425633986
2699,-0.16442361803038294,-0.8269940205858536
2700,0.09126919290335513,0.2798777441659719
2701,0.49019628598865955,3.193888787390004
2702,0.6770550016181546,3.3168567721862283
2703,-0.7689308180095256,-3.5884794120669916
2704,0.08674783035768124,1.1545937592253832
2705,0.0008994807054369956,-0.08170186654422767
2706,0.009691748245138666,0.1596808866449882
2707,-0.6351701332199354,-2.5304025882841987
2708,0.07952213347376275,0.8785665602571354
2709,0.20153342442870179,1.5430204835711154
2710,0.11480063541133506,-0.8176942627832469
2711,-0.3614411337351774,-1.4179465434371619
2712,0.06947388601841531,0.5991450030685295
2713,0.21098585006530438,0.2833438969863279
2714,0.15190804592370016,1.0881767757905623
2715,0.05548532245906198,0.30026808146666295
2716,-0.3658704789273398,-0.7509581343131625
2717,0.534968190896513,2.8887962265670915
2718,-0.418528889025033,-1.5278220811508425
2719,-0.21072280282434308,-1.9928099846505916
2720,0.5614849268656875,1.9616305091942254
2721,0.36676923911861453,2.4925189907651735
2722,0.9194970301453862,5.028278809275063
2723,-0.43699226090137655,-1.7562979123245528
2724,-0.4932232561420381,-0.9579875996113765
2725,0.4198080997680292,1.6521376406540857
2726,0.042154253053964856,1.9734694010515552
2727,-0.2088778006351991,-0.5964534358200615
2728,0.4255126056310025,1.140804852606923
2729,1.1727667780825037,5.396857076909761
2730,-1.1118905749068047,-4.602306863485251
2731,-0.21410046680694408,0.012549978063559175
2732,-0.055837402484341145,-0.3484412287374527
2733,0.6201409922457763,2.32519503137204
2734,0.32741575310145365,0.2269563035038722
2735,0.596884053819444,2.4782607637918224
2736,0.255575415601595,1.1558058762232584
2737,1.147875856106406,4.979839697237837
2738,0.4158900203858152,1.4873231275880514
2739,-1.1628942227399675,-5.626109431017709
2740,-0.20022991523950925,-1.1265336103478178
2741,1.6401823110212956,7.033201564788527
2742,0.12533209961658703,0.14790760058702723
2743,0.14931443005865,1.8965388707386126
2744,-0.3607530894759372,-1.225957497050809
2745,-0.10337253248206583,-0.07642894315710269
2746,0.3263735190399966,1.1233896524476803
2747,0.3819039254419544,1.3162309215133305
2748,-1.0578502634861087,-4.4265032310474055
2749,-0.5352807482499524,-3.833166786263682
2750,0.6500622479116092,3.523048200064266
2751,-0.3750181478509927,-1.8663657414587742
2752,0.2168748539712511,0.6959879694482143
2753,0.16198561614004942,0.3152180211812415
2754,-0.3894146042325623,-0.9473367627199483
2755,-0.014750848369299486,-0.39929509425116866
2756,-0.47527217338207967,-2.518482125513511
2757,-0.06567311536023743,-0.10675613339830956
2758,0.6929345143419129,3.4451984260595503
2759,0.010747640983857786,0.06748725901659466
2760,0.9512567950385097,4.043406490174179
2761,0.21116783055282912,1.823838963589632
2762,-0.13433538962785158,-0.04529067216900051
2763,0.5112611721071525,1.1553411738348165
2764,-0.07311089487508712,-0.580777945764432
2765,-0.3041297140749217,-3.051780800265017
2766,-0.9163858228240791,-3.4990098133891294
2767,0.7373449503536679,2.5781986374085957
2768,-0.02811032191582519,-0.35113882292925697
2769,0.718578399058027,3.368025740633571
2770,0.46444088075776035,1.9737050358986925
2771,-0.284325347546609,-1.1679367612344398
2772,-1.4469743946346556,-6.417503358451984
2773,0.3228034356636165,1.6430506927771158
2774,-0.8882653199499613,-4.242537224626059
2775,-1.4500628601688552,-6.193065821376109
2776,0.06165115524236303,-0.08605539094304121
2777,-0.22606717516621216,-0.9778297064468452
2778,0.9931888185397223,5.27341404253936
2779,-1.2179497829360633,-5.1330971849647655
2780,0.10464622579960603,0.3912538799371138
2781,-0.004227747993505199,-0.9896040608164256
2782,0.15302344082269953,1.2179733818222775
2783,0.44786931734901586,1.8543799986089258
2784,-0.8492399889133646,-4.878367422791143
2785,0.08958608279947501,1.1910939381355488
2786,-0.5049503981730415,-2.688390349061953
2787,0.2392321220596427,0.9093352658613855
2788,0.685802692328885,3.718900552020827
2789,0.010459556616653643,0.5969927043727905
2790,0.20632180676114967,1.6203925265067909
2791,0.04883985678969815,0.6763153249495231
2792,-0.2975579914322973,-2.871354586483765
2793,1.2166525091643483,4.619595038245267
2794,-0.6584585578901875,-2.4936447185575084
2795,0.25156623257683614,1.2381220157910287
2796,1.0188439624136354,5.309899518343174
2797,-1.2609280633939364,-5.4979296759541985
2798,-0.972788107069099,-4.420792433911068
2799,-0.6096250868889002,-3.6019194562892305
2800,0.023313923435286397,0.10432668772310746
2801,0.015311332527427043,0.6286335406718088
2802,-1.3883921497642795,-4.9929072775028365
2803,-2.151583098436004,-7.755453797633541
2804,-1.084418772148134,-3.9734749724651066
2805,0.6358067439824239,2.8434680952566866
2806,-0.20385868251590378,-0.677249262505954
2807,-0.6387478400620421,-3.034747789938702
2808,0.74582409051812,2.8997206636272455
2809,0.4333027697290249,2.81196582487181
2810,0.9823786323832651,4.710884530324136
2811,2.2400518411725794,8.540608284098246
2812,-0.29314649132177883,0.35135915436225273
2813,-0.425531257410102,-1.5428700342271087
2814,0.3626282506513651,3.4103590559140926
2815,0.8700627983525774,3.7576748604725987
2816,-1.1393213495662322,-4.971505344597273
2817,-1.6461966662233263,-7.0918078808008636
2818,-0.008002692681804455,-0.17425068030464966
2819,-0.5299643181568965,-2.2396035017883875
2820,0.8366376993215223,4.547093859976913
2821,-0.3059129825519456,-0.688842284736569
2822,-0.6923664946863156,-1.927238763733005
2823,-1.2079065764942927,-5.2329520188408765
2824,-0.1769982728287478,-0.8492934410963497
2825,-0.30789881933025726,-3.105283428320269
2826,-0.1410911986602209,-2.1863465217160747
2827,0.5361710935949355,2.171230133032591
2828,0.4026187628481634,0.8443966109955352
2829,-0.31623562221119,-1.9690573447327873
2830,0.6086233059596944,2.856643806443756
2831,-0.9802672712492555,-4.460248395730855
2832,-0.7834591311570268,-3.2811479342861523
2833,-0.4546361773642358,-1.7358628490149097
2834,0.09156565583265898,-0.1544464189457933
2835,-0.22024069205462796,-1.4412067268664432
2836,0.9049035730688183,4.7816922213115
2837,0.7311406050250667,2.3860361512734096
2838,0.509442231787982,3.118046845639603
2839,1.3096900957003712,5.355364166420465
2840,1.0348759245612404,4.171262468210372
2841,0.15603542542506724,1.082770194502447
2842,0.47638504414598354,1.543805364589639
2843,-0.07062440918067954,-0.7069528889623831
2844,-0.39121390492720626,-3.8824755408333482
2845,-0.3811546196120921,-0.6695306528196789
2846,0.289911345936849,1.5560102211275397
2847,-0.30667711785839846,-1.6978825157959032
2848,0.7581254481829565,3.652952207235687
2849,0.2840814378913276,2.056323992578029
2850,0.10883610528894079,0.3470573509655649
2851,-0.3983329861521345,-2.3197067026235048
2852,0.4679276140604084,1.9600488949404946
2853,1.2165685902510168,5.3363008756025465
2854,0.785588342788335,3.60585267212542
2855,-0.20262011340257172,-0.7338186967318805
2856,-0.47420120397625926,-2.1887974856884016
2857,-0.348721991775844,-0.8781538546367077
2858,0.09856772133187129,-0.3757460732524253
2859,0.9050173544538279,3.3969714306494563
2860,-0.3076979667767438,-2.517358163767306
2861,-0.6768391896843236,-3.4322517010485436
2862,1.596743444466382,6.571735633949173
2863,-0.0006924366552150924,0.8537119200983629
2864,0.5663156810416482,2.1978052529490344
2865,-0.634312409516484,-1.803076400948494
2866,-0.31754051729716015,-1.0862112590381134
2867,0.3060310638945596,1.267829298624398
2868,0.36095569706694963,1.5269037635106215
2869,0.13075398018481757,1.3443353783975112
2870,-0.6928847273777264,-3.3612834411671417
2871,0.04923485877067957,-0.0810302584536827
2872,1.6329181520289777,7.359839364526742
2873,-0.047636586421837414,-0.6698339573267774
2874,0.5685797042516776,3.653811220624985
2875,-0.7111440464302687,-3.1331880824414613
2876,-0.6093154389577617,-2.405887871970203
2877,0.8924062219939705,3.1919719116594707
2878,-0.028071859669896195,0.04092048388856666
2879,0.20331540913126098,-0.1617919123263042
2880,-0.038306315410402046,0.14463316033191234
2881,-0.36521298862093304,-0.6395110576362039
2882,0.8457715099256853,3.363218127910754
2883,-0.8764111827572855,-2.8317607961612374
2884,0.20106409080184107,2.356376348895151
2885,0.7363387200343486,3.3531294479351312
2886,0.9131192897540079,3.767664427298037
2887,0.7885814613732696,4.652524870668523
2888,-0.9853473784802065,-3.9791600682719914
2889,-0.014116230101005909,-0.019750690643004297
2890,0.4686358681974792,1.1691080654635089
2891,0.7328575791085158,4.997501619742019
2892,-0.42324339233601593,-1.291877532152704
2893,0.5495153487122917,1.8589071483553283
2894,0.24167022475570205,1.494551437576438
2895,-0.11362074446994243,-1.1768267066365332
2896,-0.27367640238651,-1.3975247641092152
2897,-0.6841548901744726,-2.4970670388161764
2898,1.0093298937415816,4.025040053970527
2899,0.13463231782093182,1.277294387573027
2900,0.02310787022826684,-0.5847355784876843
2901,0.2489935105293769,0.6632986796534031
2902,0.489666117505853,1.8899830638704407
2903,-1.0400285884013982,-5.207427964082192
2904,-0.47568925218240454,-2.3274447799857194
2905,-0.4085337920190609,-3.0079546380280915
2906,0.6875475093443845,2.9346762740791013
2907,-1.125524923302224,-5.379848333284966
2908,0.48283000375240775,1.8357970303088138
2909,0.9427504869922742,3.3067613347218834
2910,0.9149005020550474,3.9991839977578394
2911,0.7970076553631128,4.378993491534296
2912,-0.5781085250780315,-3.1285883502129783
2913,0.342117046742933,1.8154063211308025
2914,0.5715586763602336,2.8326807109402887
2915,-0.14218716865236766,-1.1834473438172743
2916,-0.11155364164447082,-0.783579748988014
2917,0.34087024155883555,2.296885061982052
2918,-1.0998561139505691,-3.5625934865257216
2919,-0.21995744106409515,-1.6255958997428999
2920,0.8288152043629649,5.183473568851903
2921,-0.49733742293248234,-2.1830093037268226
2922,0.7912199411452618,3.5434716151089503
2923,-0.1405644802667046,-0.45781812145468936
2924,0.09315519206984106,1.1823280907595566
2925,0.09891842503747204,0.4543719819302644
2926,-1.5891838098066902,-7.925582051373065
2927,-0.40542320774995655,-0.8316236567149913
2928,-0.36862061826763903,0.1201961867363952
2929,0.5490832656220851,2.6857761032734904
2930,1.1845226379869287,4.921060362060849
2931,-0.7642943032803708,-4.4666959992818835
2932,-0.3008912895358119,-0.5659657874870722
2933,-0.8238187295028755,-3.9802609536325018
2934,-0.8590375942883671,-4.221558795307619
2935,-0.029907041692954352,0.30021912179444205
2936,0.30503074330865904,2.318559500099118
2937,-0.29603811750237385,-1.6244488566867794
2938,-0.2666945243555791,-0.8413518088383531
2939,0.6709857233223713,2.321115318623137
2940,-1.0899926326813796,-3.93142567530892
2941,1.2549825593678845,6.770342311907958
2942,-0.04346867056344277,-0.3608646754317978
2943,0.16063124197514358,-0.3238745326542152
2944,-0.7645842974971531,-2.7678116378038293
2945,-0.6795107048156855,-3.71340339638489
2946,0.15470378034487475,-0.21636506315154214
2947,-0.9092144205105639,-2.3588181060657845
2948,0.13875833008699498,0.18238012343833299
2949,-1.0382047016486107,-3.9085261317407647
2950,1.2202383815500206,5.498957987792347
2951,0.5288978149755784,1.6884334366122236
2952,0.30677876279435723,1.7222084396182455
2953,0.945397606729342,5.124292935880071
2954,-0.9832972093736853,-4.176382912421059
2955,-0.24985219274386875,-1.8446900764801186
2956,0.5378755430949629,3.8449012462401155
2957,-0.1309479731365417,-0.7320820742652414
2958,-0.8496708421710744,-2.998529823567034
2959,-0.22752690912777046,0.751921064493019
2960,-0.25198330638177796,-2.265410772662049
2961,1.2592791170822328,6.121255936670241
2962,-0.8812940047736361,-4.5362455254583525
2963,-0.6645874814814077,-3.3030139157584957
2964,0.19277141389833496,-0.17565229941246407
2965,0.40081678794780334,2.606057384861501
2966,-0.3655074308550321,-1.330590477290304
2967,1.0021755557281127,4.549893000298993
2968,1.0144501896034177,4.5407410814616345
2969,0.6265906962701058,3.0000352732081
2970,0.461403640209665,1.5453432857033624
2971,0.8465248548542958,4.34200060277663
2972,1.49788629155322,7.388034643910835
2973,-0.8819643466972302,-3.0647094641593227
2974,-0.6028818722160336,-2.434766288802793
2975,1.1863664268617309,5.642388840822644
2976,-0.3693494457906112,-1.6712837571266626
2977,0.4443948753844856,2.184551302641529
2978,0.12938624953036412,-0.2843991365084484
2979,-1.0023457951612564,-3.669104665892906
2980,-0.35640166040845483,-1.5257620195675767
2981,0.4554268574393204,1.6319945856263889
2982,0.8702855275919128,4.013957456736014
2983,-0.6173902126520514,-2.5834330760051873
2984,0.315417560196261,1.5667047737499418
2985,-0.22632633169112257,-0.09748941118814225
2986,0.7798793071066048,2.925106674838669
2987,0.7193464496888867,1.8060687909112765
2988,0.258575972424507,0.43034213125346454
2989,0.2839155080012134,1.1828055818794414
2990,0.014234869544946276,-0.4722983923362275
2991,-0.3220568140645644,-1.4473471765009203
2992,0.37108284085387305,2.927783714960145
2993,0.2737841705271677,2.886492297193894
2994,0.6170424448114882,2.4137422786194094
2995,0.8049501266659055,3.1483106976908415
2996,0.6574176518107357,1.3548420409157442
2997,0.2969794590098708,0.832570814255581
2998,-0.0995411652477073,-0.3892146471530083
2999,-0.01769883734812659,0.16816312394143057
3000,-0.43716586201790003,-2.51062183868169
3001,-1.0668990039791306,-6.520292969362381
3002,1.2291775458159444,4.633413616726924
3003,0.7007489677784291,3.621609535105036
3004,0.47450585243362614,1.2656602167112334
3005,-1.1108122407709764,-5.279736139702619
3006,-0.1385652395882127,-0.35110490139698175
3007,-0.23545070322330175,-0.7410971038083787
3008,-0.06485076840867089,-0.7760359537914643
3009,0.18670371810030859,0.8988995871470153
3010,1.0138022288289248,3.8873004801669966
3011,-0.4757420029043927,-1.8300865031978963
3012,0.5278476864017815,1.4695520138792242
3013,-0.9438142763752148,-4.90177982147061
3014,-0.6295350693380951,-2.879576236111543
3015,1.2854004588532657,5.572647557003041
3016,0.18459465094382171,-0.16498235057722732
3017,-0.15859697509073895,-1.1390183195104477
3018,-1.3543792394802217,-5.610710343167098
3019,-0.10378493197788939,-0.1294176517363656
3020,1.0516550348662104,3.3479857602671874
3021,0.8356746036952462,4.120522579603052
3022,-0.5615058199526073,-3.234586576745804
3023,-0.3955324640737479,-2.197081571441371
3024,0.9632181554561372,3.619546987420893
3025,1.0535866069726927,4.594379244980633
3026,-0.5606671339038273,-2.531963767819789
3027,-1.2071618326946507,-5.9027627853443505
3028,0.5989395709492025,1.9155655786125805
3029,-0.28812496499074247,-1.916406487623115
3030,0.2895518947107577,0.48489092063273986
3031,-0.36789401893375717,-2.204279039460794
3032,0.2530899535951126,1.3157810577434907
3033,0.4679441521358257,1.8539753550246019
3034,0.2686429473934586,1.2676547311295843
3035,1.0929255181637456,5.662207615852849
3036,0.025532315932666874,-0.5189921614192923
3037,-0.6199348268958755,-2.3119927606054373
3038,-0.31312614843566333,-1.0962604441588166
3039,0.9002383329357334,4.763049610775662
3040,0.5417032500008221,2.077373299237142
3041,0.014039816246893528,0.12262836043047742
3042,-0.5964871414742738,-2.8137684649298915
3043,0.534246094019752,1.187214685547795
3044,-0.2239145441958128,-0.353579160512134
3045,-0.1937654581346232,-1.2487904650305213
3046,0.15642443038492243,-0.46129965596887257
3047,-0.8095296382392039,-3.2057271299696297
3048,-0.14811284305358127,0.24608664324251406
3049,-0.485911899040325,-2.264342838838525
3050,-0.7665965968962491,-3.293475729089711
3051,0.013807698289375451,1.069854685847766
3052,-0.31913690388178345,-0.8333794142343616
3053,-0.4088889830789257,-2.0716562635880744
3054,-0.48929090221077637,-2.522563000238823
3055,-0.44395966213374916,-2.266497952174096
3056,0.19083443371949685,0.07746188285920286
3057,1.0667328556873512,3.8913201879699066
3058,0.1132866061442733,-0.11140258149135296
3059,-0.007937844601706193,1.4747918693242685
3060,-1.5337668163050462,-6.7528848212992605
3061,0.2887942734485635,1.8524813076944073
3062,-0.24795330523644216,-2.473960226976457
3063,-0.0035103515002251067,-1.3124890343812075
3064,-0.832313047015537,-3.9405592623720858
3065,0.5751945382766754,2.4183029467268273
3066,-0.11916897965163693,0.20547715336369077
3067,-0.014696622394991022,-0.6640219133108387
3068,-0.6888112410975322,-4.225492503605164
3069,0.6273105936743747,3.2029570552344526
3070,0.04122977256922757,-0.19166730334065177
3071,0.8780971636762006,4.813414703048854
3072,0.6915583300690039,3.1029900845203655
3073,-0.24396681986789645,-0.02977719555632241
3074,-0.07320381300395001,0.8386953461657493
3075,-0.45975121902110666,-0.4811722264524829
3076,-1.1033309293392022,-5.253314767387037
3077,0.6264745851419852,1.000390715542942
3078,0.3198159592692785,1.1493463983035983
3079,-0.3733333344314602,-0.7718399690390975
3080,-0.6522830976207811,-2.855441502337688
3081,1.473706995267055,6.47176562962687
3082,-1.0431955640647457,-4.453282539240788
3083,-0.18004647651620503,-0.861942365716174
3084,-0.06413695167233521,0.11517695132212497
3085,-0.8524101114089031,-4.621562249451035
3086,-0.09250591257725599,0.1646596812463802
3087,-0.7935670242028143,-4.475108773238714
3088,0.291989338061526,1.2686983140619021
3089,0.3502905201067394,1.142386831441432
3090,1.153520158838773,5.241064568466704
3091,-1.7074425094586863,-6.522956626844016
3092,0.35892866585778943,0.47050824002358915
3093,0.2772631928684744,0.46000504385413543
3094,1.0993063744217089,4.188549371307325
3095,0.09200563306907036,0.5807485650228007
3096,0.17369238188834304,1.9314832688876207
3097,0.8323534996787244,4.761289488249116
3098,0.31253099866770784,1.3533133056514943
3099,-0.28315134561356786,-1.029603740304421
3100,0.2921067940169421,2.228875019093624
3101,0.6016878569365088,2.882440860586875
3102,0.28896214382169827,1.8826327404957206
3103,-0.4781210247661861,-2.003037024964769
3104,-0.16440544041233549,0.1634797617324596
3105,-0.39498778425543585,-1.8497618102598792
3106,-0.37029982341945433,-0.9020719244464077
3107,0.25342057104871873,0.9909733263242476
3108,0.9913374143110518,5.440921263033066
3109,0.07318965752873287,1.3677259684207497
3110,0.02568184506297297,-1.5020156806991252
3111,-0.090210247817902,-1.940218544377473
3112,0.246550583939689,0.8230952901138071
3113,0.4955398462984158,2.528921646536533
3114,-1.2321785658165043,-5.847136012872441
3115,0.3752518183762436,1.5627093888638057
3116,0.847432727476693,4.321066787001734
3117,0.6354289834278469,3.6035539159550223
3118,0.48837415712711285,1.7537132108209592
3119,0.9058004417288978,4.663797919238617
3120,-0.1280007207484211,0.17825469749692446
3121,-0.22002591149211134,-0.29516774995277084
3122,-0.5134809041227308,-1.9374633047951888
3123,-0.47479051575085746,-3.0775348545751418
3124,-0.23470001488938785,-0.9747735813657998
3125,-0.7823966483232974,-3.737225653590344
3126,0.2695723342489919,1.8960704373407953
3127,0.9526647005619439,5.358902175754642
3128,-0.07247525084234197,-0.9955176805049157
3129,0.30665972709590955,1.4582061179980303
3130,0.6097491448525127,2.366028195092777
3131,-0.5172557135551255,-2.899609144507318
3132,-0.018479915171709802,0.019453116449217517
3133,-0.29478010477876043,-2.191311094771346
3134,-0.43826444393841973,-2.807323101501261
3135,-0.19723012893985928,-1.8384630227047212
3136,-0.1367601880563924,-1.5623023498023965
3137,0.03192615038877784,-0.3212266734672381
3138,-0.8403970571012193,-2.9829306923123955
3139,-0.4900000876473848,-1.5936396619958892
3140,-1.069863111125205,-4.112200452588686
3141,0.4695337983391935,1.8342412817501974
3142,0.0008448195054313101,-0.32757867261613277
3143,-0.30624085098266346,-1.8801754965364648
3144,-0.0009509706844725122,-0.31136073193318664
3145,0.4199794366077473,2.4766030246005766
3146,0.2925131586450318,1.507996493328366
3147,-1.150738283615855,-4.24040791632731
3148,0.47108245507253,2.6185297927644737
3149,-0.9403779450744711,-5.740719862383401
3150,-1.119111015650942,-4.394656746757073
3151,-0.4956673220534922,-2.507646503636938
3152,1.5721053193561436,5.959519313046289
3153,1.4352790594501674,6.711613810317486
3154,-0.25636030331916304,-1.2675618806283075
3155,-0.43483167430470915,-3.415772183616481
3156,-0.2892835808205061,-1.5826484958957243
3157,-0.4590163654721248,-2.944666957287242
3158,0.50386758474607,2.5438049792955963
3159,0.18895509039838432,0.24255937277357065
3160,0.0067886067238935215,0.3071388868819781
3161,-0.22096192762778932,-0.42173255550896327
3162,-0.2696990497590724,-0.480358450779095
3163,-0.4394473250616733,-1.76306272676681
3164,-0.38050486011360846,-0.6163798679756549
3165,-0.23784105145963358,-1.765796190258766
3166,0.12775961106124195,1.092858122281266
3167,-0.15071229380179482,-0.8251758714467009
3168,0.5491239831425603,2.821226717399081
3169,-0.4862242878685663,-1.9623975686699702
3170,0.2187373929326721,0.6171830177130548
3171,0.07011493131508838,-0.1031040861311392
3172,0.9849254149513919,4.851654918753283
3173,-0.42788710868035523,-2.2868640969770166
3174,-1.5645990840053527,-8.7033619585049
3175,0.1287820819645304,0.2566142508240515
3176,0.12699952864424396,0.6014737804321042
3177,0.6506759762733131,4.164264305313273
3178,-0.8309459079990618,-2.4746691820946594
3179,-0.42410024981676686,-0.5457565134670883
3180,0.9223262300909426,5.626016144476318
3181,0.4429288536633744,1.6344040279278098
3182,-0.14000455408717002,-0.978012427045533
3183,1.267209160420253,5.776338509377394
3184,-0.9458276629137647,-4.847803923894696
3185,-0.03488115034858731,0.03104526751987388
3186,-0.3621010886574352,-1.3588505620991744
3187,-0.015534009662641263,0.13894876124188568
3188,-1.6378552716492194,-6.9162817636149825
3189,-1.2146263808778808,-5.776701880210711
3190,1.4902352521894486,6.137291590665583
3191,-1.2861249751781971,-4.953404735957199
3192,0.2654745123823671,2.125466208064158
3193,-0.5335568722955986,-2.9016938702812523
3194,0.68215340151746,2.735355161022717
3195,0.9252667620873992,2.7582303858498474
3196,0.04478221315374489,-0.11977582931765787
3197,0.19940083766935632,1.3142585443130463
3198,1.4570133098672997,6.135590006126801
3199,0.6152972182539097,3.2932276678705144
3200,-0.8695667825078813,-3.9414346445436794
3201,0.27610929947874485,1.2406857957141946
3202,-0.4311639270476784,-2.052767914079357
3203,0.4019779550441311,2.0914584917007057
3204,-0.3658210214839079,-1.7286610393575823
3205,-0.2868388233777969,-1.6272452470504586
3206,-0.6191604924395674,-1.1533369404456713
3207,-0.9144329986674131,-3.766740649489591
3208,-0.1938358585371903,-0.9184196253262878
3209,0.5175682949296156,2.5423170678505453
3210,0.9298571553335048,4.0932730439830864
3211,-0.773730933287965,-3.9861108746694374
3212,0.9724776505029618,3.7597385421837286
3213,0.4055091897394534,1.916438641382254
3214,-0.7843702848726505,-4.465590370391658
3215,0.9198802298966845,3.8541712632288663
3216,-1.8393401898469053,-8.60937335314363
3217,0.5011210068510498,3.464635782419014
3218,0.17451022397731933,1.5878694387223469
3219,0.24834464282330432,1.2771548042911103
3220,-0.10774968595168699,-0.7136337883919752
3221,0.5633268184772313,1.5229617316138375
3222,-1.936583831992481,-8.847256257733326
3223,-0.5533759356791454,-3.9513475951198376
3224,0.7785415386389664,4.071310740941404
3225,-0.24677224157870642,-1.2465930830439576
3226,-1.3129690883457106,-5.950468069743819
3227,0.06573454717095926,-0.7405327534516754
3228,-0.2764201462294292,-1.7430525391340845
3229,1.1213695239402854,5.028881746117212
3230,-0.270095121390022,-0.8891308076658279
3231,-0.38724629848363273,-0.6792333501340666
3232,-0.004345501657375601,-0.00855421588795879
3233,-0.34884998967914477,-2.237484401923248
3234,-0.008318030296242906,0.06678606465902345
3235,1.6995651613446345,7.140070527409839
3236,-0.2695794669878407,0.06205376951145025
3237,0.6869172099986198,2.9829212985258877
3238,-0.4288645570775412,-1.736332454382074
3239,-0.3008146089091087,-0.6637888665655571
3240,0.5507092237208073,1.6581488182703108
3241,0.1466354618653316,0.30368321204502136
3242,0.11942662260268792,0.4888463923339741
3243,-0.022121009659090994,-0.5787588697126053
3244,-0.2764599000267375,-1.8578337070558992
3245,-0.33442480654727863,-2.5894652477788993
3246,-0.825246924963754,-3.4153954375712994
3247,0.07697954396016621,0.2400744795880097
3248,-0.77227374360126,-3.1375649691252416
3249,-0.910127682616962,-2.675094313429705
3250,-1.2948059544257897,-5.606202441294132
3251,-1.0608289168763643,-4.874300242366551
3252,-0.38921235369093193,-1.8993375057717556
3253,1.2143596222221853,4.839553178096339
3254,0.8800519509716838,3.189881597069362
3255,0.856125279779714,3.4704493466788584
3256,0.7713158533958118,3.2352690943768185
3257,0.363290273238111,1.7934765552905694
3258,-0.4052851035228165,-2.582752448104232
3259,1.4733377318443268,7.150010715804859
3260,-0.12412344681691037,0.25008181831301945
3261,0.15485283418134896,0.17965877755787052
3262,0.20129754758258417,0.20170794228792477
3263,0.9555140687845054,5.209517325652035
3264,-0.46043473283569714,-2.401274343016906
3265,-0.5214922232571524,-1.4783343952135155
3266,0.579717526575174,2.4117723078177122
3267,0.11963638134200559,0.19049893041308458
3268,0.07628946398004285,0.4333101956020198
3269,-0.48376109979919807,-2.7761023775430123
3270,-1.025569625501472,-6.144547220806491
3271,-0.04962497492732719,-0.43456596525288504
3272,0.2794207845006837,0.4143830326224862
3273,-1.6754451232856744,-7.324652081236865
3274,0.014345666510377518,-0.7132222566020812
3275,2.303072859651274,9.563311245594083
3276,-0.6553009259096056,-2.6351325997007518
3277,-0.287913467515519,-1.3045237470095186
3278,-0.23492275095305992,-0.1635718507516838
3279,-0.42170679801985894,-2.1006422261416087
3280,-1.1927317004937152,-4.878887754742379
3281,-0.9733092060468985,-4.893270488656938
3282,0.2668431136799297,0.48845343488147475
3283,-0.25420838316746236,-1.4329500163357851
3284,0.3771124899209219,1.0835330475313492
3285,-0.4532140767782846,-2.1022786979247696
3286,0.27825682424439435,1.0951734466522356
3287,-0.936714944224675,-5.3139435845843765
3288,-0.6589727834066329,-2.7225148300543194
3289,-0.5725350177590293,-2.884625956644641
3290,-0.38720598314263444,-1.542318838268288
3291,-0.03062041933320057,0.7834347247611354
3292,-0.4031540741834103,-1.5815462903285913
3293,0.24380182802442,1.0256436467579693
3294,-0.27292078974076867,-0.49754546938308997
3295,-0.4382944233348151,-1.2400575694954519
3296,-0.3911691290771066,-1.5228165723920917
3297,0.2697612797096027,0.3739485565538593
3298,-0.41376467795757843,-1.7954487609564165
3299,-0.27459227352708704,0.3548368099113377
3300,-0.3637538439791362,-2.246769897530811
3301,0.19894583414132155,0.5013950024437639
3302,0.8801199423419764,3.0927112515616746
3303,-1.2329511809323304,-5.543417350685677
3304,-0.9985843945485019,-5.225350415551136
3305,-0.10797497681427386,-0.6022193114016468
3306,0.549531635123982,3.221546994309992
3307,1.9395877675741318,9.81462315724287
3308,-0.6197372820764748,-2.1453600300955897
3309,-0.49013412899838454,-2.4099555585089094
3310,-1.3805099997327945,-6.610022317009671
3311,-0.0629174989710385,-0.05657094359091647
3312,0.20115464041709713,1.2007195895720288
3313,0.6758128224229802,2.6271306076022394
3314,-0.28072952451679045,-1.1824747300346288
3315,0.29116680734318606,0.1438960430353764
3316,-1.3944733450572586,-6.827540811298279
3317,-0.8862998277888925,-4.532451400543367
3318,0.5456645541327603,2.106392714232566
3319,-0.11395676904592987,-1.0033971453106372
3320,0.2723355778547956,0.9155303023334329
3321,1.480580060177967,6.636730219765106
3322,0.48764054690346265,1.703946291790291
3323,-0.18209971189578839,0.43659721542776286
3324,0.03846446592505001,-1.2555128394274844
3325,-1.0002409308145201,-5.674365372803816
3326,0.12412996377784065,-1.103531060705944
3327,-1.2168897691228924,-5.8492383539298665
3328,0.8511290065879067,4.501339589065471
3329,0.3109772533934138,2.284629444912281
3330,0.04197809878491759,-0.6857936009537894
3331,0.1318349834094387,-0.24705653696740348
3332,-0.6871665643839793,-3.6371277496870342
3333,-0.05578802164391918,0.7403534765709863
3334,-0.19919542522843203,-1.2581767145610492
3335,0.20821214787036638,1.6681031877150196
3336,-0.22267533079087026,-1.1218659627312013
3337,0.5388734092100494,2.0457751977967633
3338,-0.8585925395702686,-4.727787743768857
3339,0.1289860748996189,0.0666871121480207
3340,1.0170723140098976,5.595649122016123
3341,0.7653079007567445,2.8474293702617555
3342,-1.4298509081239055,-5.820593817385069
3343,-0.6244696225669284,-1.8152141156569574
3344,-0.2912772332610794,-2.041377862328826
3345,0.4453383000195862,2.009268086587177
3346,-0.14272918778662347,-0.09839511565953973
3347,0.7971676848015102,4.525277269800981
3348,-0.13453759374760207,-1.8395223876331386
3349,-0.26201266642884463,-1.2885174644036366
3350,-0.496452368767828,-3.863999989663799
3351,-0.36743042901956197,-2.276559731272822
3352,0.39147316437577884,1.0935985453702957
3353,-0.07321060945376179,-0.5361091513609155
3354,0.16855219972117957,1.2555224224222923
3355,-0.9494290506195011,-3.640688252478376
3356,-0.8208606424076605,-4.600414185755698
3357,-0.5862969482001733,-3.4206738399367635
3358,-0.5940657791011484,-2.5158750738247497
3359,-0.4703874440255857,-1.7237642876332004
3360,-0.591572566733245,-3.8105683036746942
3361,-0.48748071022363937,-0.9578115899441226
3362,0.10083365145845143,1.0965454349655492
3363,0.4854085705505753,1.397164415693658
3364,-0.4050904955230643,-0.9305578196396392
3365,-1.005506426234834,-3.8893779067605068
3366,0.14337690636233352,0.5775779660499277
3367,0.4298623826641814,1.6776174615948316
3368,0.10160459292845918,0.46675271294694737
3369,-0.9048437042278106,-2.732460997608653
3370,-1.1439651458577456,-4.838910958328481
3371,-0.10774809304730593,-1.3380456257207762
3372,0.8288565361789896,3.626566634757639
3373,-0.7181830903118618,-3.564555706276552
3374,0.5157558556553228,2.2514948917486324
3375,0.14925348742824668,1.2692693367699648
3376,0.19854974795298558,0.5811697758970457
3377,0.9399651330297096,4.602346648555328
3378,0.0437491156846897,0.8380369941583505
3379,-0.5366677202560516,-3.1007930560333343
3380,0.4237875426605022,2.0309091849813408
3381,-0.22787490062646243,-1.2678540733369932
3382,0.49313973987839116,1.7056767999464308
3383,0.6321380592325506,2.7436716483189123
3384,-0.27836474035914377,-2.323287646018048
3385,-0.8642158118985991,-3.4213668918090465
3386,-0.6635359716752818,-4.010737306992699
3387,-0.5231405322692176,-1.3654623403960273
3388,-0.259371008787449,-1.467475937494129
3389,-0.08510512187320063,-1.4054277474433736
3390,-0.3500732725074483,-1.0180292036993455
3391,-0.20726820692957273,-1.411495393655072
3392,-0.03383055665682036,0.4563036131898453
3393,0.08090141467763597,-0.4751600530836767
3394,-0.4327468944070831,-2.0445282918309604
3395,-0.09609242258410415,-0.026037846061947034
3396,-0.552513622105628,-2.0537064737440933
3397,0.39584439622177,0.251000669013123
3398,-0.16047710069020765,-0.6375096258953394
3399,0.36277337214916305,1.5555884179612698
3400,0.5512837151612568,2.140759633374686
3401,1.0182094221119076,4.180903302319497
3402,-0.2751747213839869,-1.7217168047421763
3403,-0.11488378885868843,0.20571184792249875
3404,-0.5068544602617636,-2.2658475247334695
3405,-0.6386577514283736,-1.5197075806495077
3406,-0.7712435302520643,-3.825091063294136
3407,0.15968919485264957,-0.4024427310650175
3408,-0.8531391388991365,-3.1437429614045747
3409,-0.028689449021311098,0.35500944207533414
3410,-0.7683749870166544,-2.626407415200137
3411,-0.41972116280949406,-1.6591837779421423
3412,0.7144779995525226,1.9421769049337763
3413,-0.22907562097679798,-0.2656625225252143
3414,-0.4408860108542239,-1.3269367043451268
3415,-0.3205233651399701,-2.036860939099245
3416,-0.7125728989482705,-3.0702489490163893
3417,0.19742666588503402,1.195414133908706
3418,-0.019177884037313648,0.9719264877047775
3419,-1.382737304476499,-5.9111680073267
3420,0.12221702175976085,1.5105187295714435
3421,0.693897761029332,3.5772913273331475
3422,-0.4585361651857603,-1.7029820581792743
3423,0.23589416078394704,0.9900602302156234
3424,-0.39999807046538904,-2.115752197193188
3425,0.1701449347825154,0.5173251446960259
3426,0.469776715858716,1.703404505165794
3427,1.2134942626110583,4.767934204825673
3428,-0.4721890862640906,-2.2638245243324358
3429,-0.5611445253022708,-0.7694236074360947
3430,0.6240032516430127,3.074189141576137
3431,-0.5162635280847816,-2.7491977751404137
3432,-0.8384070314468327,-3.542699730841226
3433,-1.1843440221148764,-4.825003679081606
3434,-1.1569276314412593,-6.133672095211532
3435,-0.9704143694388663,-3.433802863805404
3436,0.13056668413060865,-0.20705376548849352
3437,-0.08354530099250718,-1.1147402886818423
3438,0.6015394165959645,3.0128845481554816
3439,-0.6933244238656647,-1.8975125245128355
3440,-0.07002822042720142,-1.0778223580660704
3441,0.595555222773033,1.491467226198735
3442,-0.5339434736561085,-2.778651932106091
3443,0.10692489972780139,-0.11960858825001297
3444,0.3065654280095667,1.0660353506333327
3445,-1.5479608130608373,-6.158948533492396
3446,0.29316339014623904,2.082720948911367
3447,1.1407739610040115,5.780840666318193
3448,-0.9315872046697985,-4.874458226772034
3449,0.6671902706517575,2.6704372882820913
3450,0.8020894487209547,3.481586500572301
3451,0.5176094241424439,3.2755559296477568
3452,-0.2283579726965449,-0.038158558987177016
3453,0.16216805919981675,-0.5897709969817918
3454,-0.382716314940489,-1.0763075964496154
3455,0.09621580445851814,0.40207013403772296
3456,0.12987310589062512,0.001696539328401081
3457,0.2586256443525657,1.2785961897149776
3458,-0.6545682657778584,-3.065380394265226
3459,0.30458108680207235,0.7441128342433178
3460,-0.07644799878392844,-0.6402533118339192
3461,-0.46754242849661337,-3.674271134377477
3462,-0.33494933115213177,-0.9850507794332768
3463,-0.4400354058272364,-2.325387721123223
3464,-0.008996798354007145,0.3886002180549292
3465,1.0873760276898932,4.036615986264868
3466,0.4903911018722069,2.46687458888695
3467,-0.5262039567913345,-2.525574926772
3468,-1.158540073083195,-4.933513610946266
3469,-0.2493378236862539,-1.2022103444928613
3470,-0.4199470443819106,-2.5216726178465474
3471,-0.015663401777368347,-0.33907025484765857
3472,-0.44499564678706743,-1.0008931823910376
3473,1.4612993094206526,6.8638649220139545
3474,1.457665635893085,6.605284925444609
3475,-0.8455443955526922,-2.9889701453935316
3476,0.5387919415665647,3.0089960673642393
3477,0.3790400849797835,1.7351146739985013
3478,-0.1334966644974421,-0.9392086191842502
3479,-0.9066228809091357,-5.091696388181379
3480,-0.514544927530567,-2.04694918341722
3481,0.5436266783253701,1.67110529092515
3482,0.699620841511803,2.9142615659454236
3483,-0.9105820360056964,-4.808307275141346
3484,0.034015006956460606,-1.2264131198207855
3485,0.46651832064092696,2.047579581097029
3486,-0.9813024201760681,-5.157474997603378
3487,0.9120608441807166,3.4203731407190126
3488,-0.9709452937011498,-4.0102505721340105
3489,-0.3573975840761816,-1.613241043738743
3490,0.19682177466940742,1.640898514268091
3491,-0.5403328633468355,-2.1268924667105242
3492,-0.12122377327433924,-1.5976214830419448
3493,-0.19098357993866893,-1.6147252232431164
3494,-0.7443130781537682,-3.004482839598198
3495,0.08971733092562854,1.2921069657038489
3496,-0.7327126439314395,-3.146482601925734
3497,-0.1303834479524037,-1.772006586447866
3498,-1.596349059065566,-6.687847471123548
3499,0.10970492639723439,-0.2716393899866113
3500,0.3775861481563927,1.2768386052349463
3501,0.35932057921413024,1.573859379503138
3502,0.4085913580372738,0.4687369616416819
3503,0.25009548803833326,0.36574046922808257
3504,0.9107754833264872,3.200594451740369
3505,-0.6442482811119109,-3.307861926067543
3506,-1.51003900708401,-7.337620837663012
3507,0.22182246711273598,1.6513324111568704
3508,-0.9707128648176883,-3.8498593734494926
3509,-0.13995321388900542,0.1876954713738178
3510,0.36467364387080076,1.4796454393366905
3511,0.5484803980688829,1.5732006259943088
3512,-0.052438901966167135,-0.43066507522480235
3513,0.4394693304100638,1.4757158379924276
3514,0.6839917202664372,4.502800931053592
3515,-0.682335516099855,-2.6054124934699607
3516,0.19055315292443545,1.769086553019676
3517,0.20923329019947168,1.2920243453807034
3518,-0.9259543565121378,-2.6336466401396725
3519,-0.707061666906623,-2.929216204142322
3520,-0.09316468965172992,0.6363679120043171
3521,-1.5719444484208345,-6.890938676842941
3522,1.168371338125985,6.379068613848615
3523,-0.7093654709630689,-3.511629606656985
3524,-0.981158847272088,-3.7781646853025954
3525,1.2921901191040903,5.708540578676489
3526,0.21812219606760685,1.0803146656048424
3527,-0.2743686715168459,-1.0325031611189375
3528,-0.6199958672387721,-1.7971842266300015
3529,1.4264536698414887,5.339708239937343
3530,0.309628968567112,2.0369777152905724
3531,-0.230996987795587,-0.039443620112775135
3532,1.4297059863726138,6.9598875363267245
3533,-0.02824783017006079,0.09992014925928344
3534,-1.3902906355938207,-6.100875100892694
3535,-1.5606563176253088,-7.123038999892234
3536,0.588365953314713,2.276972855517444
3537,0.4781616823458833,2.1821946931798575
3538,-1.1558739017181248,-5.9523075799103555
3539,-0.7315033005444737,-3.967596556567833
3540,-0.31654046025801236,-1.1463304074813516
3541,-0.3401189252577057,-0.9539133770324434
3542,-0.8552032547554729,-4.15312135411761
3543,0.34310181379447585,1.8554541208537823
3544,-0.06458050715576855,-0.49945116649341653
3545,-0.3400728615859573,-1.2999815556278698
3546,-0.2678515436591377,-1.056755921446844
3547,-0.25663628518636045,-1.8547491296440466
3548,0.7544578371655762,3.9358199374816487
3549,-0.10626327631857845,-1.5302348482538761
3550,-0.0153619830327245,-0.5526227951698006
3551,0.954346566018727,5.406314186081791
3552,0.46746339222273287,1.058792711551437
3553,-1.461448126904045,-6.313521077867785
3554,-1.1248533279474837,-3.884036203565093
3555,-0.29286787051056457,-1.6864709602519674
3556,0.43430907740889513,1.5305610746269496
3557,0.14574170359741592,1.0074348532255004
3558,0.2842245669575433,1.3892900449356935
3559,0.2705038294038528,0.23702892708167822
3560,-0.3897796396833908,-1.4190231876628936
3561,0.30815364053654165,1.58983945033264
3562,-0.01584634195514626,0.2868646379508303
3563,0.3940606980175979,2.2768222819345616
3564,1.15862358409953,5.702157882791984
3565,1.0491286218981284,6.717899179781688
3566,1.0785948806582542,4.886819932210354
3567,0.5449660839372928,2.150538572640796
3568,-0.42672170966588463,-2.441494563809925
3569,1.0097238566485762,4.870629297315828
3570,0.5250591403835977,2.288968570928388
3571,0.015570655452355583,-1.8185211267558832
3572,0.13309690217188747,0.7419608191626523
3573,1.2687603236438871,5.980894221869107
3574,-0.1982617331741673,-1.0309944935884114
3575,-0.7579399336986142,-3.518161282190728
3576,0.19753233380000856,0.832914587088068
3577,-0.22981281662136768,-0.48658020041003536
3578,0.3050872115549497,1.4003011955531213
3579,-1.0585244248931447,-4.236163939135747
3580,-1.0947291753541966,-3.3881371036393952
3581,0.4716070632221264,2.3619261760377706
3582,1.1269393957891882,6.052168689990972
3583,0.5336931547910773,1.6819441245240605
3584,1.08229091363293,4.765081644979584
3585,-0.1135631163895069,-0.27571189934809004
3586,-0.5601955865310266,-3.0107058926012136
3587,1.298386481667719,4.872826417933298
3588,0.40153963713258456,1.5615754483029012
3589,0.0568318204319307,0.3785902179511116
3590,-0.023647404204423857,0.5198918316904799
3591,-0.7515120911512089,-4.020646706618804
3592,0.07665246725374138,0.7152432566106428
3593,-1.1255814993860487,-4.877841784934772
3594,0.5169897326519681,2.203161990238605
3595,-1.0423909028434974,-5.807511071525004
3596,1.145512058119659,5.429561938083188
3597,0.2686301875249077,1.7689733531942315
3598,-0.25608735164258567,-0.9625519039890502
3599,-0.2064153917850361,-0.15340917482312044
3600,0.002697404995202338,-0.8433456091515716
3601,-0.3512935188772125,-1.2215314732320812
3602,0.7854783390928107,3.581328016688872
3603,-0.11909108305221856,0.368245284746346
3604,0.30392472511774854,1.8921606993577829
3605,-0.7203656624114072,-3.638822812952543
3606,0.3817807732922437,2.1964154680344694
3607,1.6413779149684604,6.053909067309197
3608,-0.1736098092300062,-0.28859486573652504
3609,-0.1977362756473824,-0.7354361017432275
3610,-0.5210756758549074,-2.108010098216575
3611,0.9211476101006294,5.444784524374954
3612,-0.006247745681718384,0.41389284453298775
3613,-0.38081200533064613,-2.7057322020099606
3614,0.4813856247958899,2.7798939859700598
3615,0.07528829065026847,-0.5354196741204235
3616,0.8583511604667392,3.094909585348844
3617,-0.285169079554235,-2.1987152161233974
3618,0.013495509799295922,0.22069364192308433
3619,-0.31061096536618016,-0.35680918178472854
3620,-0.4145900556452226,-1.945768233919872
3621,-0.47821653614467047,-2.652659798575177
3622,-0.5278602897462381,-0.6953752898453442
3623,0.02346514492330156,-0.2827971578761974
3624,1.3224162134922037,6.1475428418521325
3625,0.45372930573649944,2.384029407941292
3626,-0.4584469974197214,-1.701033253497108
3627,0.6790962228680224,1.930264119505481
3628,-0.18799096458232484,-0.8070388833606329
3629,0.17786319021523936,-0.90910395542327
3630,-0.031463482650603364,0.20585950513433682
3631,-0.6940562834902183,-2.9078760239105903
3632,0.3303689617521105,2.1210862785674593
3633,0.3746961240733711,1.1464520534201905
3634,-1.7804182202948018,-6.332336703876468
3635,-0.6887152136133662,-2.6096414692026344
3636,-0.5296808737262958,-1.6063770363130185
3637,0.7185558786443244,2.299946278079496
3638,1.419542828170128,6.66771884934564
3639,0.22860155787746603,0.29995582502107065
3640,-0.7926922770535058,-4.202333835169563
3641,0.019677542503072003,-0.14691777025753294
3642,-0.009056326323737289,-0.7105505319085244
3643,1.070831878938457,4.1760419764116286
3644,0.6287848165212452,2.90011428424409
3645,0.7341779502713511,3.126169698422793
3646,0.3178539275540167,0.7890783078374443
3647,-0.7646714997664233,-3.0881643325874863
3648,0.3351082325418335,2.678271816795855
3649,1.5625094687695005,6.711564807770824
3650,-0.7828985207454701,-5.0564089765570275
3651,-0.8265167965152953,-3.7329992793890434
3652,-0.47842027617314054,-3.8119725497392185
3653,-0.484577169137078,-2.0660876546114677
3654,0.1544852640655874,0.729265821203077
3655,-1.4713539937910212,-6.997663535616746
3656,-1.0658212254471067,-3.8119483044573896
3657,1.004045179326399,3.5133375595255014
3658,-1.865422639011539,-7.429862901663396
3659,-0.6401439681842283,-4.266571755371378
3660,-1.102235194753394,-5.80052269302286
3661,-0.39643421381874844,-1.8723250694345839
3662,-0.47672545492784324,-2.158335945330647
3663,0.6786893794893859,4.241320765641855
3664,0.4777588318205291,3.5766230648925634
3665,-0.6194255048896332,-3.0531584865742225
3666,-1.237961580277121,-5.102372919182503
3667,-0.7805114993041957,-4.107064828094253
3668,-0.4899199464724444,-2.630548880747325
3669,1.1967964026632976,6.345422010152038
3670,-0.19586239374915063,-1.566409022716278
3671,0.19041478163748776,-0.1790407840041024
3672,-0.19926599465742928,-0.5138660745689239
3673,-0.35103391136861795,-2.3249491886114844
3674,-0.6347199967166833,-3.5702254056812066
3675,0.28504114835998673,2.120147257139131
3676,-0.1698824202802314,-1.0590402109741675
3677,-0.25474446259991634,-1.1639544112876052
3678,-0.270383660899436,-1.89696390976864
3679,-0.1652576848304958,0.359098998200181
3680,-0.02989479867180529,0.4937197370743508
3681,-0.49623650951843346,-2.461727003100347
3682,0.07141101462041541,1.140841376058993
3683,-0.01051732929973097,-0.07263099642047909
3684,-1.5249250564351486,-7.393449425499543
3685,-0.9430352872668304,-3.815501082713956
3686,-0.6369025178079665,-2.9306076580192086
3687,0.01122828629604274,2.342868167629414
3688,-0.4640104002297173,-2.9873089701401265
3689,-0.04650383186488289,-0.5670824998968373
3690,-0.11020530944423208,-0.6874915601432486
3691,0.7806184832480384,3.629199147249531
3692,-0.7049497951207292,-3.4706904877252422
3693,-0.9398865077419667,-4.16511405808585
3694,-0.20559127124744186,-0.06269732580064913
3695,-1.287413173399057,-6.853098575179182
3696,0.2807801371392146,2.172365242873603
3697,0.26231891531462864,0.4887123161605291
3698,0.2840068832889698,1.2414668922533845
3699,0.0486789146033629,0.7023620343605358
3700,-0.7432488902402985,-3.661230096289494
3701,-0.68085116476351,-3.272887505149379
3702,0.6537126900959127,4.3266092591380865
3703,-0.47753413698937824,-0.7926693316577784
3704,0.011500628142241535,-0.5768043176604154
3705,0.926015916173324,4.057832977035883
3706,0.01798121558439624,-0.8459088996325089
3707,0.261818853437582,0.7316306848044478
3708,-0.12019834248196293,-0.09455985631521058
3709,-0.6612319608007784,-3.5349899406504854
3710,-0.13276662207106366,-0.06810183563308747
3711,-1.370471665135542,-6.165481165976126
3712,-0.011795962030246843,0.2032535439944976
3713,0.9889578912000341,3.3021176632927673
3714,0.5105083061024767,2.7626263404205997
3715,0.333603035586404,0.9887388860497824
3716,0.6230265539273121,4.315684344535653
3717,-1.566697454111012,-6.143075903875728
3718,-0.27660433567778053,-0.940788316248708
3719,0.42461732384223705,2.4436520581616223
3720,-1.1469498584381375,-4.8042164469233555
3721,0.628916326390629,3.024197360205521
3722,-0.13112471795555505,-0.8314961111804666
3723,0.3780460767114433,1.7053448368453386
3724,0.9775285255543305,4.264213603752028
3725,0.8094308575342728,4.6954648584103555
3726,0.7254207299244223,4.004372596288856
3727,1.6202527261177913,8.819244369182028
3728,-0.7294170477735941,-1.8927205905152453
3729,0.3361840381237185,1.7283451816209272
3730,-0.7953855951319188,-5.083195757341392
3731,0.8403509554249672,2.624890526559718
3732,-0.1166449489279935,0.7366501969169612
3733,-0.21518852693992163,-2.1711819566821857
3734,-0.19569693862443766,-0.4778915535958862
3735,1.23898501776202,5.805538020192604
3736,-0.5822173357093265,-2.1451804496844815
3737,0.5278124016626053,1.2708551985716305
3738,0.08114810974104067,0.7023773554034276
3739,0.01501404798834962,-0.8627913671543453
3740,-0.06527498297280973,0.022726585055722115
3741,-0.5531661193724958,-1.9872993527908558
3742,0.7755917201499926,2.502701306626635
3743,-0.29059936660200486,-1.8658984505309666
3744,0.08479460737646419,1.1042563528390643
3745,0.8030329849096631,3.093309801849589
3746,0.44129553463235055,0.9516345711301453
3747,-0.41368028516442645,-1.2742725550294063
3748,-0.026726013637177158,-0.09865687187977255
3749,0.7941036210871621,1.9781134235241806
3750,-0.6088563145957648,-3.538982041037353
3751,-0.16506612459315917,-0.5280881799886987
3752,0.7517322510260073,3.3360140974117427
3753,-0.21408297910786306,-1.5376322826154212
3754,0.780719266738752,2.463408839121645
3755,-0.16878778224572027,0.09657379693869561
3756,-0.6161450483249884,-2.7946300311630727
3757,0.466140722205327,2.259127758626293
3758,0.905555950849344,3.226505986172066
3759,0.70809081366851,3.3469828642042616
3760,-0.14501014796557246,0.6345949923252371
3761,-0.23926978167227195,-0.12736411438457051
3762,-1.3540899483264632,-6.732911106651097
3763,0.027386481706940743,-0.7848895550291731
3764,0.07606713330564153,2.1108668056989406
3765,-0.784769509847929,-3.723460568232134
3766,1.5528756827312848,6.542388090836723
3767,0.28838923663232013,2.081730352542378
3768,-1.0776378073787605,-5.278025802683141
3769,0.03924898350245999,-0.7110790501179235
3770,0.9883788987450081,3.303448948359737
3771,0.4572965743793773,1.86739018718764
3772,-0.17882915100751254,-1.3568949409686388
3773,0.4038148927039018,1.7070756836833265
3774,0.04755364661416968,-0.2871478171203643
3775,0.20446150203029126,0.9706183073949728
3776,-0.6479263947964609,-3.242360188948621
3777,0.676857961002429,2.3323941030199693
3778,-0.8396839551338602,-3.789252758715533
3779,0.716761894627108,3.527886854511287
3780,0.30605917510112285,0.6650323740854779
3781,0.03738306665735213,0.5738872094830756
3782,-0.5833000456254915,-1.096820449832667
3783,0.4649938446839331,1.558851770968095
3784,0.7474444035027695,3.310079122129016
3785,1.0280193753789382,5.903892262774988
3786,0.855513565568898,3.8846985329743813
3787,-0.2948418756718919,-1.146270807646849
3788,-0.18392951012953687,0.010663737586910638
3789,-0.7785816045848926,-2.4662032318446263
3790,0.4215339683379273,2.028209361817289
3791,-1.7404868732849257,-7.201090502371597
3792,2.0458942333686174,9.624158015283731
3793,-1.1580378319509266,-4.717793819766031
3794,0.5945224939935899,2.185247631055865
3795,-1.0050577758232406,-4.998789059287249
3796,-0.5729164385227049,-2.403300119768938
3797,0.1701111498509436,0.6262190032670761
3798,-0.5607679770554265,-2.893434730816302
3799,0.448576277319416,2.4117575299001692
3800,-0.22167434434314012,-1.6028359094562359
3801,-0.017597118522821864,-0.3120009405599533
3802,-0.047089681098090856,-0.8734232769842969
3803,-0.27462928327685465,-1.5309253595114076
3804,0.8585891756192557,5.71099975281229
3805,-0.008184072330108021,0.4711081477607464
3806,0.5022632497361544,1.3688160339319189
3807,0.39977593129426986,1.3247173461001194
3808,0.7490173250566279,3.357045884962135
3809,0.9038892891781842,3.813395691406676
3810,-1.3887796202371094,-6.650825440116042
3811,1.1983542830845682,5.51452954023101
3812,0.1323524914594482,0.1434649550909003
3813,0.07613963111330749,0.012538912941424785
3814,-0.2797465386312149,-2.403212797654346
3815,-0.06948265984671632,-0.5589844710017109
3816,-0.8789455677047886,-3.508868992878609
3817,0.024766543780897467,-0.41329024694806205
3818,1.8198653082164966,8.504548523998986
3819,0.28695791157952516,1.5920690516023914
3820,-0.6706604165702638,-3.1276164915870117
3821,0.2737752055495489,0.29577816860441686
3822,0.13174054834084592,-0.4738426228531629
3823,-0.08082519321619752,-0.0018768616547811257
3824,0.2000820019192883,2.4345454798525195
3825,0.5684724862758748,2.474283158989604
3826,0.16971007857017123,1.326780835723286
3827,-0.5085738784269207,-1.734600250167618
3828,0.13399443318210222,0.41254229670265
3829,0.8365350868475898,3.8885191465215456
3830,1.5513856885399728,7.663522310693467
3831,-0.6403866712673164,-3.1818653624884
3832,0.27604200147096697,1.9446160245773738
3833,-0.14870487613861802,0.07356242041043748
3834,-0.09091305415914222,-0.9681309081864231
3835,0.10648324325376397,0.7723716415788007
3836,1.1288134461812434,4.50837092297729
3837,-0.18052389911686526,-0.32549555390662605
3838,0.16235552592178126,0.15388539931696354
3839,1.2039244485068281,5.449392851558347
3840,0.361562740121836,0.7523816126119782
3841,0.09770839807231536,-0.25701487492763275
3842,-0.05867876774451752,-0.38164292848055015
3843,-1.3615518844528647,-4.927767446906804
3844,-0.5168612515005864,-3.4920111986185383
3845,-1.2508737834852783,-6.328061151841366
3846,1.219918169421684,5.055488760626388
3847,-0.0752706749418275,-0.3573338125877365
3848,0.7633212073093982,3.3545246369510706
3849,-1.7530491854837678,-8.663079830480434
3850,-0.8937299939252058,-3.7270343598593474
3851,-0.3123346203535116,-0.8194064284072147
3852,-0.019925342101509848,-1.6203222354434361
3853,-0.7621775060643226,-3.670737354524165
3854,-0.5104517699493717,-0.9737875286144768
3855,0.6867539842143873,2.7833455198107955
3856,-0.5848859059239421,-3.210432677522345
3857,0.09340354198902827,0.4867143382497019
3858,0.6998117901903006,3.3635319634224277
3859,-0.2904932024049179,-0.63023757460018
3860,0.4436164511754727,2.083222158527954
3861,1.160315361535661,5.519734378944924
3862,0.31869833268371406,2.0402832490465004
3863,-0.7357305215969248,-3.31050291993732
3864,-1.0818239096890427,-5.664146652734001
3865,0.547452567252514,3.3846143530200337
3866,0.16810701286924304,1.0921634310962438
3867,-0.34801471189989047,-1.3675135565003906
3868,-0.22869933643432047,-1.8258995667005657
3869,0.9662588512851239,3.818350495372954
3870,1.502016825513452,7.413743499157255
3871,0.08950388728715088,1.3748047557335903
3872,-0.9403447395797427,-3.228928843191012
3873,-0.5663354611172448,-2.2480312983552886
3874,-0.1930935519431094,0.2896959454869239
3875,-1.0091704409390523,-3.838234896946823
3876,1.9123151273269867,9.020834920540834
3877,-0.2968766614703311,-1.0697774848215478
3878,-1.4315519960701801,-7.517458437262089
3879,0.905509118624758,3.6647732945735676
3880,0.24793041416096598,0.39333371843727216
3881,0.4844593951191253,1.9401868356737806
3882,0.6849345160781046,2.7835547496099746
3883,0.3901748734927318,1.955640671412625
3884,-0.4308124731216962,-1.6330110374346074
3885,1.5474803069168266,6.322462401000031
3886,-0.27769534956880093,-2.3629219229687948
3887,-0.46506669837855846,-2.2945408262740306
3888,-1.3204342130569833,-4.513136019384568
3889,1.6732255360165242,6.541161492284674
3890,-0.06872842069482012,-0.26631030293902735
3891,1.7358249207910312,7.826140928302569
3892,0.24050833286980544,1.1819810242168158
3893,1.0993551982778906,4.826604170208247
3894,0.5703087572847169,1.8693613961512296
3895,-0.18940739587922914,-0.030980065764436904
3896,0.6043339944664043,3.056058068576454
3897,-0.14690881153606086,-0.8806574795175909
3898,0.12373651767441747,0.617401155072351
3899,-0.19009433125975514,-0.11063936704461486
3900,0.24515505221439035,2.3564407896357773
3901,1.0731719388524057,4.2594314249882395
3902,-1.0075732850366885,-4.6190865548903455
3903,-0.012158142998536634,0.544332219063092
3904,0.39004119669023735,2.2561154565563317
3905,0.34308050248002053,3.1908819383294365
3906,1.5108512227653212,7.105659020337372
3907,-1.2332676316911406,-5.380356445549657
3908,-0.6202437006731686,-2.7953748347970775
3909,-0.5822151411584822,-2.1571596396149335
3910,-0.5834146841998502,-2.9768130210392107
3911,0.30785049236327744,0.6499944432990059
3912,-0.5855162877757089,-3.039235064678741
3913,-1.0233629036255842,-4.69995778121626
3914,0.4301112405868148,2.289741942687557
3915,-0.7998937059403447,-4.662615748127067
3916,-0.7394601283678047,-2.947208182313911
3917,-0.022975907074281144,0.05075824939478531
3918,1.1064224095483295,4.112247769791613
3919,0.46792033722389026,3.5093644014169363
3920,0.3629540082999505,0.45505406012188954
3921,-0.4369771649200244,-2.2479655384995283
3922,0.015498352740693545,0.6732777562205887
3923,-1.0743330126770132,-5.847834564781304
3924,1.6101932128620255,8.267125719185636
3925,1.375189355486881,6.690358042704758
3926,0.24275125269240913,1.2626214059192238
3927,0.2528592001617283,1.2996342003369277
3928,-0.07087239139795576,-0.6997023523951151
3929,0.32051481566750095,0.725042046564629
3930,-0.5239463968028211,-2.2538961032693408
3931,0.2839392945934846,1.403618229908174
3932,-0.5109367335582413,-3.1463246795742434
3933,0.1827738274768738,0.16959587614199656
3934,1.1981932701425806,5.2359853392382165
3935,1.7312428111661282,8.288583634721773
3936,-0.8172244972594669,-3.5994701757449152
3937,0.8417813461461767,3.887538853523526
3938,-0.36108418031470974,-2.0206729311539977
3939,-0.9414342567731585,-4.349011024957314
3940,0.11975624872875387,-0.049933020315635734
3941,-0.4435658078166509,-2.6053233354743717
3942,0.03801701951858187,-0.6029176812875474
3943,-0.8976854842859281,-3.8952994314836404
3944,-0.1312601554671994,-0.717267493647679
3945,-0.9865826960281947,-4.386390499148656
3946,0.3223261151477,2.0129652721706597
3947,0.5049626478884165,3.677943206917298
3948,-0.24455460813543925,-0.667811984729374
3949,-0.18686849640464992,-0.15662300757844705
3950,1.9108545522692721,8.498530168942526
3951,0.7916676505534496,2.9069209978784865
3952,0.06413387651949087,-0.3659325948659485
3953,-2.1862530809299074,-9.230570373201461
3954,-1.0755245333731769,-4.286807781149116
3955,1.3035734166921544,4.54760211851582
3956,-0.5867900499767178,-3.299512410853949
3957,0.767173009610695,4.3547978387115345
3958,-0.6906123866946788,-3.5011875235367014
3959,-0.40548146255326034,-1.2257787095660886
3960,-1.0920027076907608,-3.8402276016972277
3961,0.3590550400603244,0.8614432740972857
3962,0.4721691506317105,0.03257712374586852
3963,-1.3561675967826636,-6.400255223674969
3964,0.3547079294579511,2.4198304747783266
3965,0.7448443350345019,4.125169153604203
3966,1.0713951849432701,4.198316526874365
3967,0.17392071042950247,1.0171250360184712
3968,-0.6100892283072212,-2.899058913024978
3969,-0.40629634656762675,-0.5375806030061612
3970,0.0595320953944037,0.640143466730556
3971,-0.46429640833354124,-1.9151610984194352
3972,-0.5410641632807228,-2.4867632816496688
3973,0.6744723039461459,3.6443146873022365
3974,-0.5877492265023662,-3.3792380337364456
3975,-0.11375414358462263,-0.8791400716534906
3976,0.3242057059942091,1.3536617693280089
3977,-0.8610265585460734,-4.714386034334872
3978,1.080384884794878,4.049993722375016
3979,0.7534116036011737,3.774659316248191
3980,0.6870294027286598,3.374240188043502
3981,-0.18868077600211053,-0.8323391135175672
3982,-0.9783210149717794,-4.510829901389653
3983,0.25404138997167897,1.022475708109864
3984,-0.7510732501606112,-2.8615650896389355
3985,1.1183661898521635,5.490784359314437
3986,1.659813042003437,6.753942912323108
3987,0.4773652822769366,1.044323544933236
3988,0.24987079713853474,0.9736407750260225
3989,1.1469917863272758,5.645622433735393
3990,0.45704672499197263,2.369030116285261
3991,0.2844617052077372,0.9508916378630549
3992,0.12821815424455407,0.9591794872308164
3993,-0.9087028941991909,-3.3193349994537535
3994,-0.29243977556270084,-0.8386380052026892
3995,-0.9788086865856692,-4.2916142801108625
3996,0.952113728584305,4.946345995412748
3997,-0.5912858055956643,-1.82504229574542
3998,-0.7113799259093055,-4.893696802455183
3999,0.26187119490636807,0.5104666234253424
4000,-0.7213719954990296,-3.3121429209112376
4001,0.7417329872637028,3.21856053572534
4002,0.18522025022442024,0.6352615993883177
4003,-1.2607682766431936,-4.9896875668471505
4004,0.4355125965095076,1.0419690826463515
4005,-1.228174390383629,-5.856279619255017
4006,-0.08924774230114067,0.04847940958860647
4007,0.1576119739189845,-0.4284508274461867
4008,-0.20447251737308808,0.25619152306448234
4009,-0.04326658345613698,-0.5482119797209792
4010,-0.276807420346729,-2.5390418346028527
4011,-0.11837224869861131,-1.0527002184105463
4012,-0.39084661145738875,-2.060855130212519
4013,-0.48791134123504715,-3.6348091018331177
4014,-0.027977950627085763,0.6537622941206943
4015,0.3492154291463543,1.164286485475514
4016,-0.48948680366122194,-2.67724370446078
4017,1.303142528786457,6.917518613599084
4018,-2.3013713987851023,-9.798054326677189
4019,0.771195354601303,3.1772179381334817
4020,-0.1492989262886294,-0.47483075965541055
4021,1.08464987551565,5.580174058167442
4022,-0.28250521246075,-1.760296507027589
4023,-0.07937359387733553,-0.796873118166716
4024,0.5834030756721853,2.0098208364122954
4025,1.9827455027917302,9.40619703022087
4026,0.3562300584379307,0.9366648133886711
4027,-0.913512825058964,-4.21915689880779
4028,-0.507323272976173,-2.004374764613093
4029,1.104999739515009,5.369722545098785
4030,1.2072164297588623,5.045734227694843
4031,-0.46782565832423956,-1.9159827134011644
4032,0.6749467678137612,2.4017239179915046
4033,0.36471905536243837,0.9932978988523202
4034,0.37539889150755784,0.9231496984089531
4035,0.5164347124114352,2.0956512541449115
4036,-0.008201811577381816,-1.3892700675793024
4037,1.15740537282551,5.535070154776657
4038,-0.11952373517054031,0.5508481804320214
4039,-0.6684314300902019,-3.608099899396315
4040,0.2927583901970549,1.2250219706459429
4041,0.5557977744992701,2.7145721106961047
4042,0.8169914253252321,3.522425840680594
4043,-0.4118678918600762,-2.4688137204692873
4044,0.2913928981423775,1.9523662916849918
4045,-0.2502799538495114,-1.0159247013654604
4046,0.6281073862657611,2.8554457752752294
4047,-1.3249192085764239,-6.726439461355792
4048,0.04187654824878208,0.848823912167822
4049,-0.06763572180516914,-1.1931802939032725
4050,-0.5501337792125568,-2.6758921461415164
4051,0.2933728048603187,0.08207905775359015
4052,0.3413815830986657,0.8029780445349536
4053,-0.9769497961632232,-3.747546314930032
4054,1.294429525102164,5.5777483880145295
4055,1.186003422865501,5.975906662243065
4056,1.34995015235257,5.235568235187079
4057,0.40923740536668496,2.0885768227882977
4058,0.6457965748683911,3.3430369397489024
4059,-0.2700844619347521,-1.6554247569397043
4060,-0.342893928334476,-1.8323320247622792
4061,0.7403932453391657,2.9788016163633437
4062,-0.4839966112511957,-2.422220972030685
4063,-0.14815512969650735,-0.3846945991874321
4064,0.4722801470820448,2.9904435986149305
4065,0.0007221281048709917,-1.0111557621397251
4066,-0.4625482888783868,-1.0396228553684665
4067,-0.05244574998262806,0.3604455490226009
4068,-0.6310439641974744,-3.1943249165671324
4069,-0.13623877104068485,-0.7182243692263311
4070,-0.5253639672884994,-2.165118821986307
4071,-0.09532503565894065,-0.96759611973059
4072,-0.285171857934683,-0.27143803940556877
4073,-0.0773710094703478,0.04345092969542258
4074,-0.8820238557203001,-3.8303628224108595
4075,0.39659491784783873,2.150003953579477
4076,-0.0002102968548921892,-0.4777719700584321
4077,1.835077501361267,7.9481292103183705
4078,0.9879597422146287,4.011185534075031
4079,0.805762079319169,4.6029061127976725
4080,0.22019550472173055,-0.39789493666608977
4081,-1.1325990468026266,-3.9620528838369102
4082,0.010287167826962066,-0.14504616602108233
4083,1.0344514672631746,4.504969073442639
4084,-1.849409366199822,-8.449552403877204
4085,0.4403314340918788,2.40976902425344
4086,0.48486601466259943,3.542357017987233
4087,0.7336348138477468,3.681911990160198
4088,-0.2535933032636792,-0.3547764091373503
4089,0.01597422640590697,-0.472549829196226
4090,-0.24123773759579362,-2.0940481790033454
4091,-0.12947135016354663,-1.1330724608907752
4092,0.6334901139472782,3.696063211342931
4093,0.6108078314069355,1.789291478826919
4094,-0.6382636183051213,-3.3635748959233083
4095,-1.3994288482768167,-6.012417508920261
4096,-0.0061575688887019146,0.7988151641830112
4097,0.7442805195279389,3.579066878898422
4098,-0.1131266847595165,0.18415965998223616
4099,0.5461392835489718,2.305519280190579
4100,0.8386082779275896,1.9460532549942544
4101,-0.819494151724986,-2.555674348153424
4102,0.21794125846026788,-1.0214098212479574
4103,-0.6798981348076388,-1.7336326253898178
4104,-0.07143402774629891,1.4395168660481819
4105,-0.004219395570113569,-0.8506093699988562
4106,0.41876692473980187,2.6167402047004895
4107,-0.3185898097769013,-1.769649514021241
4108,0.4076054109268625,1.8925720796962417
4109,-0.17922211191834428,-2.0894652575546315
4110,0.29686193203560934,1.6742520453089467
4111,0.002377815016327544,-0.5585953109700743
4112,0.4532746356936613,1.8945606942020587
4113,0.6670813248308016,3.047764215759007
4114,0.6863073530709918,3.0792004794704564
4115,0.7928362843108325,4.374203979664918
4116,-0.70989219165601,-4.177009247659194
4117,-1.377990046707552,-6.5353426039396885
4118,0.26466526654980427,2.327652698510884
4119,-0.41948618918837544,-1.1943247000001298
4120,0.16742009025503116,0.47065101315697233
4121,0.6946018198479704,3.3522233192688144
4122,-0.8669623591658051,-3.374181339972451
4123,0.016014434283671747,-0.0200792012860435
4124,1.0200739407740487,4.948202787127078
4125,-1.0150572981912382,-4.005797161499638
4126,-0.17493874249820604,0.1635409083172058
4127,0.1146885738006526,0.16178509550672593
4128,0.1883262817849579,0.03273863257557763
4129,0.3899861329549606,1.757692482724715
4130,0.07653744444706245,0.4499051416623501
4131,-0.5639871450342924,-1.7037995710564526
4132,-0.10231901526560822,-1.28924553750735
4133,-0.34554505045873923,-1.1896373335294919
4134,-0.9188071331766822,-4.108919218332569
4135,0.20011500831661488,0.9648516176702966
4136,0.14213885769692425,-0.017547643791434253
4137,1.0265100651733838,4.687663802222339
4138,0.44871415703460366,2.728045398116106
4139,-0.5382673135843519,-2.8901332289004236
4140,-0.32318062185705915,-0.7454277449211559
4141,-0.18529261200065353,-0.37406353379546003
4142,-0.9329050853811612,-2.9496578842464487
4143,0.7372263517149388,2.8687564944517296
4144,-0.15377441297037053,0.0009952455252454362
4145,-0.8533868535583284,-3.995926777731094
4146,-0.20436292914262744,0.007294135160053616
4147,0.8177718514195803,4.726589970714105
4148,0.9567270922048812,5.5265643181755095
4149,0.28098262116725686,0.8874913744103492
4150,-0.8965794436602915,-3.776807885176405
4151,0.2723965335714424,0.7414025324087264
4152,-0.02674078464608084,0.1548975419304121
4153,-0.39808661963190456,-1.4576897313197632
4154,0.39587652671344914,0.5787427614563143
4155,0.6259584945867884,3.0808584299955375
4156,-0.588546484807376,-3.3263112719747685
4157,0.3449021295644674,2.0834826813577108
4158,0.40575491193139923,1.794115641515251
4159,-1.019542397403118,-4.156599840405227
4160,-1.4960079150544514,-6.5940804092648735
4161,-1.8169819160908434,-7.698992444765789
4162,-0.5037403337340516,-3.6798520886549912
4163,-0.29062741593635505,-2.9883035516570073
4164,-0.8198937110505794,-2.5062118860564584
4165,2.196138813032376,9.975805720501862
4166,0.18724382731726744,-0.3880108887887883
4167,-0.3306352733710854,-1.324078508399931
4168,0.2402382480460584,0.18667703864556107
4169,0.03905870424885838,1.432211979044507
4170,-1.2091971414448648,-5.783685862725177
4171,0.11343716444041395,1.6180902952973106
4172,0.6525837851322457,3.5384102325367053
4173,0.16990696214585935,0.9278678148521384
4174,-0.2034940739249359,-1.1777706965011747
4175,-0.9511571735167856,-3.7576660451852333
4176,0.7411227366854533,2.8669041216321043
4177,-0.34696282757543756,-2.284530613443947
4178,-0.2506431949555002,0.6089868646629844
4179,0.22447654906850792,0.803924020303934
4180,-0.7611278035631467,-4.5292627981152735
4181,-0.7175058303928071,-3.191871311979904
4182,0.034220253139803126,-0.1822686309152967
4183,-0.514355448262291,-1.102122337835429
4184,0.014432907340022791,-0.38414519881700226
4185,-0.48445810338786904,-1.260999936995043
4186,0.5683877638124452,2.7877392097799256
4187,0.2437475622909216,0.8753740528006319
4188,-0.2964516486807228,-1.617441170313065
4189,0.07726761979959047,1.958993263896237
4190,0.8973849295044567,2.001204106680306
4191,1.0038984093630074,5.062788609987188
4192,-1.3024027090858417,-4.941676752304254
4193,0.6086576588654756,4.420980502039436
4194,0.35845538635457863,2.2976526684022156
4195,-0.8436628746716323,-3.141615321037184
4196,0.6596285444966895,2.604885818037366
4197,0.7772561734475129,3.451708364822438
4198,0.38970439237321475,3.0944381017771447
4199,-0.24170802544132847,-0.6933534172981664
4200,-0.5490301189057033,-1.7051545086488253
4201,0.9189024179629312,4.700438838459036
4202,-0.7321787102658852,-3.1470711101957365
4203,0.1847449045338319,0.33546175014023355
4204,-0.65791147871328,-3.5094975962510526
4205,0.709902742677784,3.533288304797022
4206,-0.973097543927466,-4.040537405077976
4207,-1.4175459970826731,-5.477073925561984
4208,0.10561130214661488,-0.03779916618422341
4209,-0.7904899955764259,-2.1620803884813027
4210,-0.10278291656674181,-0.7125654601564915
4211,-0.7605107965273926,-2.9790910000210102
4212,-2.0885694624559594,-9.029465481660218
4213,-0.7726468149624662,-3.064099626414372
4214,1.2656007697381935,5.629332468540819
4215,-0.6251751946344141,-1.99325171668491
4216,0.08315637856872524,-0.7250535798364792
4217,0.3563710103551056,0.7087513430584212
4218,-0.5924923707648222,-2.9224723060653814
4219,0.6359743041778255,2.9748379817155053
4220,-0.6955750058291713,-3.958872470158309
4221,-1.0867979810403081,-4.990343079906164
4222,-0.3281299535991171,-1.8488685536343696
4223,0.026128374341238658,0.7309339323920359
4224,-1.3857437833077846,-5.698729049996441
4225,0.7789253668244189,2.286136872965842
4226,-1.1786151664868734,-4.127143067062557
4227,0.19089165733315047,1.2773870505534648
4228,-0.9017448409630072,-3.104074413424476
4229,-0.5521025108118389,-2.6019576671370896
4230,0.3593161828880924,0.7003744301639209
4231,-1.0966081896976325,-3.968061198832646
4232,0.004376094568437577,-0.031754996135094055
4233,0.1587843678114203,2.1133518992741784
4234,-1.6036059616129381,-6.739768354595739
4235,-0.0353581926107612,-0.5410679711642912
4236,0.16227619867752477,1.3997794399391768
4237,0.10868881070009467,0.07515430005531815
4238,1.0182302741099534,4.57490915281497
4239,-0.9171676993869898,-4.65800504027482
4240,0.7488182295872251,3.2792011980122986
4241,0.35343531396414435,1.6075310179687108
4242,-0.797467026492708,-2.7575856308018936
4243,0.10365940330474206,0.6956445598742736
4244,-0.4906517194102876,-2.948742705043298
4245,1.0152714405664331,4.30711362959781
4246,1.2248860390112186,5.004012712568476
4247,-0.3228183446523178,-1.8902098987640956
4248,0.19103789439475719,0.8660697083878307
4249,-0.9791464168129729,-4.373772294714514
4250,0.643075970931205,2.110223834171475
4251,-0.6174792028330188,-3.6018421345602785
4252,-0.5217801199275185,-0.3817984705482915
4253,0.1533961510132611,-0.41248240484382637
4254,-1.9055329605832398,-7.710184530639699
4255,0.2779382444376979,1.04980893893991
4256,-0.36356489687777827,-2.236916378339396
4257,-0.4167226201555833,-0.660075410505766
4258,-0.5813931990133099,-2.3256296774508933
4259,0.23860228778415707,1.100971116469347
4260,0.5203072552348055,2.5123391592606694
4261,0.09679780275786351,0.5586012451436948
4262,-0.5058280456258765,-1.7188368732128905
4263,1.3660242787856416,4.648004597700473
4264,-0.3437314687895569,-2.3424570350059484
4265,-0.6624766023345058,-3.051804321673208
4266,1.1988884492444942,6.291667686345789
4267,-0.24786501657685928,-0.3517227157882794
4268,0.17313410668111362,0.8300713302256438
4269,1.1421085674156901,5.551637026029798
4270,-0.1905387952186929,-1.3266518478680656
4271,-0.019636443322125496,1.5771692330221312
4272,1.126301097268036,5.859082199795762
4273,-1.1638191207600195,-4.023965606040305
4274,0.37425285102047917,1.7681864080480183
4275,0.3256655339278016,1.5609808268491958
4276,0.46301105325841435,1.578545746342554
4277,0.27997937452286,2.0467697339027655
4278,-0.7349488640222621,-2.7414384876081312
4279,1.5780654518585364,7.570488358621673
4280,1.1193053888745672,4.356002432145416
4281,-0.7469240055027977,-3.934006321965629
4282,-0.5089123579506158,-2.414975511857558
4283,0.27418527886933297,0.1390879970048995
4284,0.559058219963577,1.1029187736010304
4285,-0.5998955443436731,-2.393813475129183
4286,-0.49462558274107254,-1.5777513884344017
4287,0.4783058568256685,2.94814360065645
4288,-1.0064698320187042,-4.820338938817547
4289,-0.012295123709228197,0.5570580770773874
4290,-0.4058960732139221,-1.6799044598263912
4291,0.7694065923179185,3.354475817675782
4292,0.36936286481852876,1.158834358984642
4293,-0.3699967096080112,-1.5432591135341174
4294,-0.3085483881490975,-0.9986995708765433
4295,-0.5417122144920421,-2.4949961577592337
4296,-0.04557875855393244,0.2060390450395071
4297,-0.25796199489073984,-1.1650107835237749
4298,1.7372174229879618,7.638895910093881
4299,-0.9971229535452726,-3.4737846929737595
4300,-0.5771428678628353,-2.1942687638380995
4301,-0.589029744900011,-2.465159232189928
4302,0.9005413987161105,3.4559443245424024
4303,-0.282081768454132,-2.140376786604511
4304,-0.259301939133644,-0.5865752603026039
4305,-0.5577007561557631,-3.4568984731119143
4306,-0.16435749888832882,0.32546643376801443
4307,0.0984761099811653,-0.32277619345082603
4308,0.21209181298580101,0.7029350283451876
4309,1.0642855013213142,4.656590930055564
4310,-0.2218791491271675,-0.4634031285535719
4311,0.12273682623641899,0.9210669807611614
4312,0.32936805208216097,0.614479154820305
4313,1.3198296310009825,6.852301708427586
4314,-0.6575349674810869,-2.6690452016717336
4315,-0.14509698950361738,-0.4332723523952159
4316,-1.0953083563293056,-4.681443837991939
4317,-0.34832480470467114,-1.4500172528149975
4318,-0.5745690048025726,-3.616441434792983
4319,-0.31603394475453944,-1.5661200657036667
4320,-0.4524162871929944,-1.6204328267345385
4321,-0.6507492771718829,-3.343989647717938
4322,-0.17037011098977944,-0.15287755916137413
4323,0.02317020490128493,-0.04578156039685058
4324,-0.2743514551682369,-1.5312808944392975
4325,0.8797615435601022,2.7185016690167587
4326,-0.34167680894462277,-2.859124922050137
4327,-0.5993138095436304,-2.7008425530343634
4328,-0.19524142794549224,-1.398611030907778
4329,-0.34503926980517596,-1.7161658122788228
4330,-0.8994129673675461,-3.5811157593191543
4331,0.6349262782898207,2.8397755269450453
4332,1.3285064623984248,6.9648068479717
4333,-1.2222494951256648,-5.435794501374571
4334,-1.4148942686921882,-7.42265730937498
4335,-0.08330184490431135,-1.267710806780764
4336,1.1229067381196214,4.979416608380077
4337,0.3568938168667202,0.20036841176812947
4338,0.8486377379012732,2.753554039443104
4339,0.4590128371202144,1.5679601282465832
4340,0.3279228092380926,2.2613827715233823
4341,1.3621981998166433,4.247137718707718
4342,0.8978001812001419,4.508836566105384
4343,-0.24990970121458675,0.4667918858253737
4344,0.5378197145376654,2.6339026712475415
4345,-0.7892101965128134,-3.0229479044038374
4346,1.4245921659694425,5.033531047649549
4347,-0.03279348040410028,0.7352678495607339
4348,-0.14607955246259344,-0.709468767747501
4349,-0.32567765468483306,-1.6311143101916452
4350,-0.761919860910453,-3.9921187684576585
4351,-0.7529122173674011,-3.5928419790443953
4352,0.6481202076423251,2.863323484137881
4353,0.5663328035535984,3.2362202839819902
4354,-0.3022187936996747,-0.9967817741441594
4355,-0.9185523766936711,-4.186208057146284
4356,0.551798666680018,1.9882291060172625
4357,0.535619554276521,2.7472775403751766
4358,-0.3459898276394901,-2.2518961708665244
4359,-1.283594622641887,-5.5134553409848
4360,-0.9618736796677451,-3.9251847996460896
4361,0.0373753405189167,1.0247555156526358
4362,-0.7482921234650921,-2.63800135445306
4363,-0.3396065116871684,-1.2755552712522134
4364,0.5527747662145223,1.302408664478984
4365,-0.4939605862142368,-1.9573393321115524
4366,-0.36813000637402693,-1.6843328304298775
4367,1.0643586130286435,5.55754320111389
4368,0.2593794665711912,1.7077627691690296
4369,-0.10642772614937576,-0.07495653437383926
4370,-0.07315677637359455,-0.7721451594692177
4371,-0.09148812041475833,-0.6757939282650585
4372,0.227248168189735,-0.25282106630012535
4373,-0.6587884269092835,-3.132593433731277
4374,-0.8875845992974423,-4.184654136694093
4375,-0.7499928965485558,-3.894165948924888
4376,-0.5303220714076669,-3.3281427539885793
4377,0.06620999757637787,-1.3003088773478533
4378,0.8434745755262482,3.926962166510425
4379,-0.16819655032917266,0.06436030284988137
4380,-0.27365436369093576,-0.6224649418003039
4381,0.564672623880597,2.3186877213721977
4382,-0.3590217040489002,-2.9061762985208075
4383,0.5854472954613854,2.7085063279434634
4384,0.31753551197587987,1.6345443843466467
4385,-0.7335670145447291,-3.6018787068687534
4386,-0.06906728810380622,-0.6603766290600914
4387,-0.5539828957638708,-2.2553124316902675
4388,-0.15326603640487627,0.2561385862514022
4389,0.2985941755368576,0.968957052233316
4390,1.0362164171752284,4.756599865789994
4391,-2.0126565713433657,-9.134145583709929
4392,0.455560250548869,1.8179534735260676
4393,-1.2655604157137468,-5.387526225624645
4394,0.4026879525038247,2.5649487732525196
4395,-0.44556815824719,-2.0612881810287123
4396,-0.3770123586356791,-1.7020349659592542
4397,-1.285729537546181,-4.603846786639723
4398,0.40138099184438214,1.3850922456891095
4399,0.88288880757264,5.724648764055325
4400,-0.39970860420444315,-1.2163154184926661
4401,0.43877655168281826,1.6900005303034473
4402,1.2455775622695926,5.857037113860525
4403,0.41779464183174453,0.5960311090052408
4404,-1.3153927115690265,-6.580747851625151
4405,1.1087066656386415,3.8262918481055372
4406,-0.8798373268341623,-4.60198500319981
4407,0.13804077217685376,-0.014628360599883927
4408,-1.728437072434284,-7.748499025036598
4409,0.293343280137613,2.094888289447604
4410,0.7937411702376741,4.115019743323826
4411,0.4363015765507714,1.5903556877446188
4412,0.6459297565238747,2.181937256657795
4413,0.05737723271169281,0.7292239153257515
4414,-0.3092409082679512,-1.6356621724685867
4415,-0.36344947245005965,-1.993629966751376
4416,-0.8620295620718882,-2.6818016807937948
4417,1.585922027073129,7.315700531714359
4418,0.7676905751442249,3.815574158181787
4419,0.0008659923955870472,0.05903527884981347
4420,1.2233053134843714,5.6376882075440955
4421,1.0364880857830037,3.968185963105202
4422,-0.043968834520550636,0.8463962424922185
4423,1.0832459702345663,5.502466939310608
4424,1.1623139651462016,5.65681645053006
4425,-0.5917505399049094,-2.455625358542508
4426,0.01938387466164085,0.8183959825503778
4427,-1.0826589448715256,-3.177217595823305
4428,-1.1951808011173048,-5.285123706039797
4429,-0.3051244029699375,-0.6662269035615372
4430,1.3949536114490861,5.524041413312517
4431,0.21873990114080097,1.3486710776540707
4432,0.3171855474137544,0.9445727783344784
4433,-0.4577587455590228,-1.691298350823217
4434,0.5192979126925938,2.230563220845948
4435,0.2385633550553486,0.5812166179892734
4436,0.11676837952873051,-0.44813892831311
4437,-0.7567685516635191,-3.1480282538066904
4438,-1.5124740245642163,-6.536103555099405
4439,-0.5680743207294813,-3.4891390706693777
4440,-0.7369902477733036,-3.181444374984707
4441,-0.24869758006945936,-1.0153194962392693
4442,1.1912140726600349,5.088794301427067
4443,-0.2617441020220052,-1.1531743104911105
4444,-0.18209257644666196,0.02378807443251263
4445,-0.5183368379521689,-2.383094556057256
4446,0.48363611376330434,2.3609988728715434
4447,0.2585582890765798,0.7441643987621069
4448,-0.6166325543863653,-1.6805544157056673
4449,-0.8447548918407205,-2.8259646647094234
4450,0.14371556628753085,0.7568268652520939
4451,0.9789341382883631,4.142310554254139
4452,0.9746442370028436,3.840918136093738
4453,-1.1972560243879717,-6.538507744645374
4454,-0.4833145587949302,-1.3730294824862619
4455,-0.6978381210448296,-2.298934348439432
4456,-0.5525536049444052,-2.8344440061184235
4457,0.1709066223440427,1.7869885065944877
4458,0.02581124777449132,-0.08815257032037038
4459,0.46063323769413506,2.7855406735588053
4460,-0.31753076803938934,-1.4244655355467681
4461,1.6050872623678394,7.069260677921433
4462,-1.0009062739552328,-3.029397949551295
4463,-0.2118247181681305,-2.1018999738448474
4464,-0.11212304938045166,-1.37219074325264
4465,0.6888542839459164,2.6681434331273017
4466,0.5125140871707795,2.360922555433011
4467,-0.3542613984993598,-1.3250596083123307
4468,0.13134002184106844,2.252789523600539
4469,-0.6013588862561909,-4.4319752369359415
4470,-0.6068931260926222,-2.9468816920147543
4471,-0.4105028791036443,-2.2699371252565546
4472,0.00017167409864060284,0.9431297812341384
4473,-0.8373540322173546,-3.886432546527238
4474,-1.5701591770147278,-7.8115762677749085
4475,0.3480705142377371,0.8636900180816334
4476,-1.205611988494417,-5.791423442578983
4477,0.8352457332905809,3.808015459596221
4478,0.24050849220327136,0.6845732286720814
4479,-0.6528946908534512,-2.429042061889059
4480,-0.2268275767573328,-1.3834961084375048
4481,-0.11018676047528789,-0.19004227812616326
4482,0.38863900871007884,1.917449951908556
4483,-0.49347759248956663,-2.235212682688349
4484,-0.5615393031858504,-2.3999141014057375
4485,1.0923330974045753,4.890475159609146
4486,-0.19679496046057718,-0.6054633688540667
4487,-1.2794052219470833,-5.5356740341588715
4488,-0.5121338832639567,-2.093185100770629
4489,-0.9700746171125307,-3.7043960269300893
4490,-0.5860959625943472,-1.18606832576559
4491,-0.5694204823117924,-2.8680520566220506
4492,-0.08577795834784346,-0.4408789849920878
4493,0.37548970359393086,0.6648794746794741
4494,1.3376374506215438,5.530286060919416
4495,0.12531970813222246,0.011027452546795269
4496,0.22553134679202624,1.6612765177556492
4497,-0.8682226988888815,-3.5916601316753716
4498,0.2403277368135215,0.6653035078773988
4499,0.5018764900823645,3.786320188137993
4500,0.4305776968077259,2.3765881093945005
4501,-0.48088191624972765,-1.4250019640295857
4502,-0.6338766150490327,-1.7612057334355842
4503,-1.363420726748334,-6.452739649887343
4504,0.17274870829392583,1.450862436575295
4505,-1.5438345777726536,-6.717381559712734
4506,-0.5789999919571037,-2.2008196281726704
4507,-0.13720427751375652,-1.1695722385140743
4508,-1.6448626660735735,-7.0504906261937625
4509,0.5575559855590264,3.951683495772067
4510,-1.2067987087555074,-5.382382503957792
4511,0.3696041419895233,1.389062907617843
4512,-0.5675086088650859,-2.4677906631948408
4513,0.4043849244229573,1.011693295333422
4514,-0.7957486771100015,-3.2970252364685555
4515,0.7188629598178604,1.8698424917336516
4516,0.7722883796842193,3.1273437900492413
4517,0.0963044825344107,0.4051576050120388
4518,-0.3036720949712843,-0.8551046556762139
4519,0.9248952429020266,4.491549558750362
4520,0.055871818596271265,-0.10393077201349726
4521,-0.47413580295654284,-1.2604448199436153
4522,0.40465343260861675,2.012183841768647
4523,0.26133940235638076,2.571109400661874
4524,0.4617237957722409,1.5809515916372092
4525,1.569578341746603,6.099716493152977
4526,0.35983022964101047,1.2187706890853471
4527,0.35724962323407794,1.0873234740340127
4528,0.8091482077233052,3.239089678085032
4529,-0.310753141532267,-1.3460251265319503
4530,-0.6599548811296251,-2.070055128177589
4531,0.7269331649484339,3.217084443288242
4532,-0.7443528888907058,-3.3230817627415608
4533,0.7573720795352744,4.417776326825072
4534,-0.7359891973727324,-3.9484630935562794
4535,0.26378497482838553,1.2494659968936273
4536,0.34664773883579497,2.0443406380008957
4537,0.7277861109192149,3.6574307129282593
4538,-0.48440394322959535,-1.1929266505698792
4539,-0.9213687535262133,-2.4468256697672506
4540,0.3291701836917867,1.7356436808741111
4541,-0.23996511021981415,-0.7978476741416234
4542,-0.9907247280454431,-4.493150799132822
4543,-0.06878449568076836,-0.15055342731957466
4544,-0.34548839010414834,-0.34456653167613527
4545,1.3424464417601887,6.851872330313303
4546,0.9863735036788842,4.381178099217011
4547,-0.6178944425459684,-1.638117417653708
4548,-1.1076007949308444,-5.1675834900184
4549,-0.32955189944448343,-1.8027293849575834
4550,0.5010395584791743,2.9273792296033028
4551,-0.125397740710113,-0.7707835107164182
4552,0.7532941119634692,4.188814958196701
4553,0.702295998872185,3.4144821078912555
4554,-1.1352109304382008,-4.982506560192501
4555,0.002229756334603914,0.25637606700826027
4556,-0.7498188105749551,-3.273609897970658
4557,-1.4173732929100071,-5.424078450390791
4558,-0.27433000571161575,-0.38155556270964175
4559,0.19752902654900342,0.03892138922964372
4560,0.8143682828584505,3.2206720944119787
4561,-0.16019173360050265,-0.6140132491114516
4562,0.006938928507002206,1.0828427616586163
4563,-0.26401404984539195,-1.3827546792752736
4564,0.9140460560087167,4.244380573968968
4565,1.158060147888846,4.907790477261296
4566,0.5589742407387138,2.4998050310066953
4567,-0.10446114075005176,0.9926799564792483
4568,0.013182396732867037,-0.43796774953517337
4569,-0.770657374960571,-3.7769610968811094
4570,0.4757983886490338,2.7071829347353074
4571,-0.4344104652170418,-0.6228175118022645
4572,-0.12800227450182736,-1.143643198135606
4573,0.5445701316072381,3.092754280999783
4574,0.3807151422149979,2.3914238096275326
4575,1.3753539540801545,7.197775102471828
4576,0.39426433631720226,2.1971070174330687
4577,0.23380498724565393,1.356326127072991
4578,0.9706755093424658,4.874787248294724
4579,0.8487341726088168,4.726511528009329
4580,-0.14397291578147775,-0.6218378171359598
4581,1.5090097378954952,6.8080946700663505
4582,-0.6513349753932679,-3.3670096432490566
4583,0.6098052360103159,3.111430923686162
4584,0.057432772247137456,-1.1961251108234867
4585,0.11005099152545071,0.9035302247950407
4586,0.7471387009097012,2.9222825649304496
4587,0.21894382908790613,0.2597035721922376
4588,-0.5662421167204547,-1.841343817370082
4589,-0.2515949997141876,-0.9925849914597822
4590,-0.748712504645626,-2.669292756220402
4591,-0.24278597752134942,-1.063437756525909
4592,0.22238084679019327,0.49759213796424745
4593,-1.349756981812217,-4.892088339696876
4594,-0.549151061597849,-2.3768078173513905
4595,0.7240151169107145,2.529844464750676
4596,-0.5176314968651263,-2.218421527805054
4597,-1.2784580014983449,-5.751878742154713
4598,-0.6415841893452121,-1.4906172811595932
4599,1.42547076045837,6.660030551933246
4600,-0.6046593016804882,-3.1768991030788634
4601,-0.5391575301648227,-1.9277662740652892
4602,0.05807592412036358,-0.7541996249072205
4603,-0.1876738589263161,-0.03468959434949648
4604,-0.2419142034402899,-0.1608221944763123
4605,0.15935735447036875,0.8518483348144283
4606,1.6505894702391641,6.721609232432257
4607,0.6260946007026802,3.872220582166392
4608,0.9559129772725496,3.7383066807887255
4609,0.5812393463796073,2.820861892709077
4610,-0.29811359673504606,-0.6684528719042364
4611,0.21203495070420947,0.2769341879103152
4612,-0.19161848799100553,-1.3598740050419398
4613,-0.2996204972875918,-1.5636263277432225
4614,-0.8069827511871813,-4.642736153451724
4615,-1.4002578842877367,-6.385165420366173
4616,0.7166840298758733,4.080578913247615
4617,0.01155682861005571,-0.6250483129520887
4618,-0.5605861956705697,-3.4302354712846674
4619,-0.8774125324097337,-4.207370198386023
4620,1.0237343424981982,4.706162211210554
4621,0.9076194465017504,4.714144246502732
4622,-0.13859837482950688,-0.1508758518687534
4623,-0.8758938634989221,-3.5715274524549767
4624,0.11985247838150836,0.7722846388115052
4625,-1.3777206623879055,-5.453173890848538
4626,0.1299063237495804,0.3208475350625652
4627,-0.34952056003785487,-1.9377567451785493
4628,-0.7457915685208848,-2.781661110705303
4629,-0.8846174344126692,-4.345089977298858
4630,0.40905353558116325,2.096413341313409
4631,0.12420243242055676,1.7022174872260405
4632,0.504505853065899,2.6413106488732527
4633,0.660118177658304,3.5274732497639443
4634,-1.1791755626124785,-4.522681427752241
4635,0.7190085602641123,3.3795335586156305
4636,-0.7969416595701673,-4.401471311622627
4637,0.3332875253336894,1.2844200964018193
4638,-0.3686090402031579,-3.123004827829503
4639,-0.31103813355083554,-1.2066662213671624
4640,-0.8607034068595206,-3.831360827086271
4641,0.25116329152834665,2.0942937294822705
4642,-0.4606116552825846,-2.2755443119081797
4643,-0.7237202101417488,-3.31187306828937
4644,-0.20242256145148618,0.2758485436231175
4645,0.42288357729451137,1.3160304411851125
4646,-1.15390748556462,-4.904574507699973
4647,-0.3996860875133116,-1.5945647064250725
4648,-0.05042327689405472,-1.1727358542636273
4649,0.06745721308321713,0.8741247648839825
4650,-0.5496267217898279,-2.689698461086663
4651,-0.5496433362062388,-2.8858509190740365
4652,0.737649023319724,2.995453119569819
4653,-0.6509688900258743,-2.2997146515650626
4654,-0.15431700051030134,-0.7448537280939034
4655,0.09516020718136814,0.3726638312058743
4656,1.4620897060282632,6.073310746366255
4657,1.8507452372955062,8.500740167851012
4658,-0.793653259668483,-3.515019857010937
4659,1.38561271500251,4.44085326990599
4660,-0.43740924574837875,-2.4649630149084882
4661,-0.17492477579081114,-0.6824225436920356
4662,-0.3224044284530384,-1.3498966442541045
4663,-0.17120963039957268,-0.07255332219117994
4664,-1.0035451462286202,-2.7937787276016017
4665,0.44607002142531144,0.6877781805948737
4666,0.32552157415482763,1.9025127093052916
4667,-0.007346626889411519,0.28893455064456364
4668,0.8145676633635557,3.3154083529821383
4669,0.2488199875981107,1.129125399588905
4670,-0.16284651129924865,-2.0755168376411763
4671,-0.14903103627425818,-0.8561234441756752
4672,-0.26722167510304307,-1.0359747026640522
4673,-0.3228833202025635,-1.0573668462936041
4674,-0.1810521582691504,-0.31618586919929637
4675,0.5093985641563582,2.424778621470059
4676,-1.135180049487602,-4.609739085329984
4677,-0.12664078328851391,0.2984479058344838
4678,-0.7198223115541365,-4.1055359953811585
4679,0.8104110348132109,4.494023927667294
4680,0.12276995399771773,0.8405811511770168
4681,-0.9203793763662816,-4.339280522375524
4682,-1.0748069808874783,-4.450499722409384
4683,0.33590333939117717,1.4253655273950139
4684,-0.8254588536341931,-4.580565707359577
4685,0.37589907043624765,2.010492325431903
4686,-0.22128240318127834,-2.0701051461449085
4687,0.4628524290011767,0.9909583890449982
4688,0.20753311568082383,1.0876455280005057
4689,-0.41431450630321887,-1.9214106098069528
4690,1.067948819255458,4.396878406886637
4691,-0.8260236908559544,-4.325586880545554
4692,-0.992658249380782,-4.788160221137981
4693,-0.8503562631862729,-4.146256374001817
4694,0.5081772111361504,3.065745056440643
4695,-0.6048131691902731,-1.8764074887348263
4696,1.413756797701042,5.2553826457522
4697,-0.3331663628310496,-0.8348949726204266
4698,-0.453884899277255,-3.219094079280154
4699,0.5419657397525145,1.196104612501412
4700,1.0740658166209593,4.187501051166681
4701,-0.6638423408022771,-3.0874745858559516
4702,0.17937124327299409,-0.034780823761683566
4703,-0.7577502597471161,-3.9880973849131522
4704,1.559490947844792,6.747872475494058
4705,1.4992890035546458,6.309104935969195
4706,0.7767822998390818,3.2990809929057567
4707,-0.5003964942271372,-1.673334439520203
4708,0.31179670173274393,1.367797619267606
4709,-0.7104420379597359,-3.628751855716235
4710,-0.46087824366832786,-2.749066633317104
4711,-0.47826827331313787,-1.3150877271234531
4712,-0.1649163186629664,-0.1818212045516221
4713,0.9781729750726799,4.300885133852286
4714,0.5943109643476939,2.299673965360401
4715,0.1971577402749696,1.4107543752944585
4716,-0.36568688345891937,-0.636690422867069
4717,-0.630277985694899,-1.5720690899394716
4718,0.055375877087905596,-0.8833840331087289
4719,0.2001534021215582,0.1662725625850916
4720,-0.39869529268482284,-1.9997331993981036
4721,0.1920458005828577,1.1936417285957783
4722,0.26468527617590276,2.018081198869571
4723,-0.42596346108240424,-2.2800214023099175
4724,0.12224529216007365,0.9752542468769713
4725,1.8661288964511513,7.86883947694194
4726,0.09375896700787677,0.9635639315567837
4727,0.7748539280953973,3.844311539167021
4728,0.5870675904933736,2.2798873135707183
4729,0.24033699310881335,0.5614417575594428
4730,-0.011536764089497897,0.4099938053940304
4731,0.19258152377536925,0.3547516917562741
4732,-1.6878801216452832,-7.170714678347407
4733,0.04769077219755389,-0.4471246825319793
4734,0.47456558829351225,1.801543860801448
4735,0.24123962763336898,2.300916797108095
4736,0.5402428133970647,2.857952532528793
4737,-1.1474081438050456,-6.218496430881842
4738,1.0001015317661974,4.681422564768237
4739,-0.8968112126291007,-4.602053277173946
4740,0.7151538576976321,2.887104920243456
4741,1.01264139389001,4.48060967117585
4742,-0.6450393082960505,-3.3001472284075866
4743,0.4136935791412923,2.8661432614512394
4744,-1.144346828091324,-7.098356592784077
4745,-0.41679869143725257,-1.3852303385961866
4746,-0.3582351969118914,-2.57985013578977
4747,0.5618025985985773,2.181929114153016
4748,1.0020750921434591,3.379587807397727
4749,-0.9924074280071857,-3.8596666049144615
4750,-0.035753969354641535,-0.4523129842780663
4751,1.2992288344221972,6.0618287334809855
4752,0.05573397288154994,0.1439171074481696
4753,0.30108118360024977,0.9179218397825315
4754,0.8001496608823989,3.9017857727927265
4755,0.6216266495757046,1.7349109026155727
4756,-0.7969482724792698,-4.284907744706923
4757,-0.3194250359035502,-1.0531368700293289
4758,0.641140678312163,4.9355393874590945
4759,0.06434004357401843,-0.1299837320467767
4760,-0.040546767466545904,0.29347836360368446
4761,1.7726554466598134,8.101133473572826
4762,0.7662172710627866,3.528667150183187
4763,-0.6878337366815565,-2.4711740374894355
4764,0.07198596327989125,-0.029282056443458604
4765,-0.0808337980147499,0.39274989472061933
4766,-0.5689242841873117,-3.195531612285597
4767,-0.6113897916784606,-2.1828721849388084
4768,0.1846548622448877,-0.46903637038881696
4769,-0.11974351626125324,-1.118557035173712
4770,-0.04958905378342574,1.0898254372393048
4771,-0.8570638269572125,-4.199140721491846
4772,1.051252955283293,4.863367614260836
4773,0.028349425344695874,0.02251323657335441
4774,0.3485644704457434,1.556277873978548
4775,0.09624685274002012,0.8894929344369289
4776,-1.206051854983628,-7.201609347274607
4777,0.7167691140991971,2.8524490072147994
4778,1.2896590848335308,5.01529196067189
4779,-0.7450854655000164,-3.0815031996639877
4780,0.9375443446370477,3.7616117506061495
4781,-0.4053228509093772,-2.3114043705844365
4782,-0.8457824327200024,-4.5865242948759954
4783,-0.08754487123173064,-0.16089988234910033
4784,-0.21176202502295174,-1.3214912393772915
4785,0.4552040308804023,2.356916298809661
4786,-0.58273806745511,-2.785078148376015
4787,0.24185217234158216,0.3079780547483413
4788,-0.10839963002649264,-1.3266208990411368
4789,0.7922981248123346,4.129775522896948
4790,-0.3462194438844878,-2.3051101168679122
4791,-0.5367999181804537,-2.827301561829524
4792,-0.7060859552695671,-4.303970139585236
4793,-0.38172972266154126,-1.2541644734595128
4794,0.8328248383034541,4.415839002648942
4795,0.40420733342288595,0.544589844590661
4796,0.4563382249462717,2.648755977271071
4797,-0.11481103981448423,0.17982820777164454
4798,0.7433953454484656,2.4418328037780217
4799,-0.17195050702509612,-0.12755959385368987
4800,-0.8216721414583026,-3.352305057261288
4801,-0.4706132667085007,-1.2123158862381105
4802,0.6342411800382374,2.210757780710297
4803,-0.9855922091587402,-3.9299890139667144
4804,-0.7616400247120245,-4.7938936694246514
4805,-0.11217956123910379,-0.11522402781189656
4806,-0.5811814748547494,-2.4486007803689076
4807,-1.5073905298255044,-7.19580467602682
4808,-0.42336164816001465,-1.35893506470793
4809,0.7397635939501185,4.543582397616765
4810,-0.4527276311575433,-1.4291883013652567
4811,0.4984365402461403,1.7120819268092504
4812,0.2453938168877613,0.49142699405108314
4813,-0.15709346296456006,-1.8242765668443743
4814,0.5426950705053901,2.452654174897026
4815,-0.5882262973743447,-2.9773474390283354
4816,-1.5536720140444162,-4.862621109405657
4817,0.7403724179487645,3.87561102541049
4818,-0.15535188686862222,-0.06844494082545804
4819,0.3225147881862864,2.6918348712772318
4820,-0.9535840018719346,-4.822601204969876
4821,-0.1314204616606716,-0.20752728119979258
4822,-0.41281395682685895,-2.3813371847883253
4823,0.6928118129438379,2.654348342188193
4824,0.43430232931472024,1.4864138822456179
4825,0.4156822617342914,1.8797414658753941
4826,-0.1985627534665388,-0.46732613920443816
4827,-0.5887596881846185,-2.2162773195928582
4828,0.27740947908724556,1.527889987865101
4829,-0.25840194220107376,-0.19177344737804447
4830,0.7190843593176354,2.7102405372425302
4831,0.5720274843335481,3.975077834635494
4832,0.9048809281817338,3.6913107346315472
4833,-0.07900522216660574,0.847095245242405
4834,0.8466151492751732,2.8209906728584278
4835,-0.20307595056833497,-0.4996301192376295
4836,-0.237278260548933,-1.3261282606902576
4837,-0.7799111801516098,-4.306033423751267
4838,-0.6871103998527902,-3.136515563839653
4839,-1.6052689587922202,-8.372243247680128
4840,-0.1837633061544869,-0.8010800818485823
4841,-0.16302111267372496,-1.1742611812204693
4842,-0.06519412941688153,-1.4505424525505366
4843,1.122870548411406,4.67001861271043
4844,0.3754932788053694,1.037150268638916
4845,-0.35570128314956934,-1.8736576458954508
4846,0.3850492476267867,0.9201324572270798
4847,-0.8916021048421019,-3.697792348411964
4848,1.4231155183891755,5.561704033083636
4849,0.3855544997589063,1.8744781362538572
4850,0.2268027034136814,0.5449573156000789
4851,0.6747118119794417,3.675011123440918
4852,-0.40910489804915184,-1.5013621067355922
4853,-0.46709852102668953,-1.7670800544640115
4854,-1.067084998739105,-4.887257349701908
4855,-0.22722699891450496,-0.5208129687317422
4856,0.6057213969656656,3.1853128710887115
4857,-0.26119630757405515,-1.131673851109203
4858,-1.191113979612144,-5.518428316315875
4859,0.8454075813071364,2.043523351929121
4860,-1.259278014038569,-6.750033650256563
4861,1.0182545451975011,4.307393158939671
4862,-0.41504632408816594,-1.7176119858789631
4863,-0.15375594880757185,-0.6036661066022742
4864,0.20271386166996533,-0.07910058034823053
4865,-0.495041842872686,-3.0408022759808047
4866,-0.3760778780939949,-2.235167055567849
4867,-0.9993709210575015,-4.499672088287847
4868,0.23961661735919118,1.8934920726806301
4869,0.21604976048033103,1.3574486662644136
4870,-0.7761635713291681,-2.2561493990699377
4871,-0.17146439626726462,-0.4574867587919255
4872,0.26515844542996336,1.4604626966953733
4873,-0.4295406459609906,-2.347116850014225
4874,0.1959351124433209,0.8895318114024409
4875,0.4726350506106411,2.8273164307410887
4876,1.0470867172877054,4.700146326131879
4877,0.47260945257911513,1.2814210840254314
4878,-1.446260269471418,-8.01669212511557
4879,-0.04298125984910475,0.1829795783110831
4880,0.46125955335549906,0.4276541286135369
4881,0.0759247309772435,0.48949478722766476
4882,0.4378042096887663,2.605686998590517
4883,-0.3287959471162756,-0.6299466789777505
4884,-0.6741722770143497,-2.94253765463855
4885,0.1180633465593872,0.6830214518576001
4886,-0.0918429559042421,0.29561605354513937
4887,0.01263043769189518,0.26188074386357485
4888,0.38208689711798915,2.293593064492763
4889,-0.08962677028050926,-0.12731823508311985
4890,0.7722945498264097,3.1937590330147683
4891,0.13904576495300938,0.27008062759909285
4892,-1.1753608227875827,-4.203686135702446
4893,-0.581919274767136,-2.232667673455789
4894,1.6684401202704358,6.412205706512893
4895,-0.5964691751996635,-1.5928229495462918
4896,0.5755869042013156,3.2679180178190315
4897,0.022345641447766112,0.14945009450320387
4898,-0.013304695378151748,-0.19907268573002712
4899,-0.31651099807514194,-1.5543856264151317
4900,0.44324847469907797,1.9631354096444225
4901,-0.05813459707571652,-0.5129493370239399
4902,-0.7265383333880686,-2.960462048568406
4903,0.8586796212598471,4.622521988405707
4904,0.8368012002982662,3.7641219124093452
4905,0.7035811486007885,2.340596257627448
4906,1.4546834177575758,6.766007881120069
4907,-0.07818676768462213,-0.02870587722244272
4908,-0.10882512080314842,-1.3374562496365334
4909,0.18229320806486873,1.5700642062536425
4910,-0.1678946540429569,-1.1963005909835533
4911,-0.35298461171956214,-1.2202573350355304
4912,0.3396630928061715,2.386219604276522
4913,-0.792193200732465,-4.452495568102714
4914,0.1859434884670251,1.38357162664706
4915,0.9587550541342489,4.641365873177598
4916,1.4736103584883689,7.033862030898269
4917,-0.1722459680997422,-0.6986574614283726
4918,-1.6881372337473044,-8.401404603230239
4919,-0.09823261601739942,-0.18649026687438908
4920,-1.085818638083339,-4.570538351161416
4921,-0.935867255138595,-4.206552344987861
4922,0.07929951557042542,0.06568730308194554
4923,0.6388485521800691,2.200933018117777
4924,-0.4636898250861268,-2.1613851913425886
4925,-0.08833075319308875,-0.5381583743481944
4926,-0.44641577952202005,-1.6476129938276394
4927,-1.006253210391293,-3.699144565551956
4928,-0.1691224082137557,-0.790775641277372
4929,0.9017385477230256,3.9991387403835734
4930,-0.7908110420667666,-2.948351628843461
4931,-0.24965516085719908,-1.556276779588975
4932,-0.7205697241134712,-3.10761014515754
4933,-0.20148077807639042,-1.34210304372606
4934,0.6608803782770954,2.5737558455397784
4935,-0.07571633435370288,-0.2128649249051358
4936,0.12013218569842209,-0.1581533113276401
4937,0.3514114320717707,1.3065648847851083
4938,-0.13522012079953583,-0.7721296712639958
4939,-0.14402109426228418,-0.9999165831082489
4940,0.2768656587718486,0.49252043479987406
4941,-1.0535738834318402,-5.563836672988701
4942,-0.8762402842355007,-4.167916988732225
4943,-0.031970049182600886,1.1270551914186475
4944,0.06984934636350822,-0.04032837944031198
4945,0.8052054844395942,3.569137393028657
4946,0.5692104062370492,2.2042036356065093
4947,0.3665793535792091,0.33017499899775316
4948,0.5645056978109855,2.9003145589082235
4949,0.10683100161694592,1.0002494433480533
4950,-1.135600952265295,-4.010601547447859
4951,0.5982574140580295,2.1125053443011192
4952,0.8261229725553653,2.952092624037232
4953,0.03546958447681893,0.9520508302484412
4954,1.240944487491808,6.357702867244111
4955,-0.18968599147145296,-0.9949141655982465
4956,-0.2474981556710077,-1.4712239005713963
4957,-0.1830801772789358,-1.1900406113082693
4958,1.2484459203705858,6.799772671570967
4959,-0.8447286591269305,-4.72906970848272
4960,-0.1764092483636088,-0.10231803294029684
4961,0.5455159783030858,2.150532214208369
4962,0.44047978932081816,2.1017937643431486
4963,-0.6771141865612923,-4.480689024303394
4964,0.10605125780275498,1.076667121626201
4965,-1.432302596809436,-6.284460515808403
4966,-0.7064707970351378,-2.4718738174394588
4967,0.3750870331221585,2.0631785399058082
4968,-0.7043459316279399,-4.9534400448266656
4969,0.7640915408433017,3.736668114133432
4970,-0.6042273392536668,-3.0354268419509625
4971,0.25826925891776675,2.1723329665280047
4972,0.027683584704817178,0.3214046123050624
4973,0.1874817467882511,0.7315000262049685
4974,1.5901598821942509,6.006460484124876
4975,-0.49340902428605604,-1.8663969189853429
4976,-0.5168419267658664,-1.841460574280565
4977,-0.5344809562248221,-2.657140029005559
4978,1.2457890496917323,5.823093184449496
4979,-1.063725500959131,-2.968855675999497
4980,0.8818120919288411,4.026383800356153
4981,0.8394593815478687,3.34952169631196
4982,0.50462638465497,1.6678346693306942
4983,0.15474754128456192,0.9581973969261831
4984,-1.0045770630344648,-4.651161135363987
4985,0.43787317674300336,1.3983905404261332
4986,1.109666700870438,4.821316249898935
4987,-1.0368183676217309,-5.042889238155349
4988,-0.6717346208750126,-5.124888033019796
4989,-0.654446469721638,-5.274070320973631
4990,-0.06574508462854776,-1.3098923194300698
4991,0.6758134015854589,2.104953967503765
4992,-1.8249261541278532,-7.337146193492569
4993,-0.21121947328875584,-1.435563558724694
4994,0.4513580991300147,2.494613076664741
4995,-0.211041165013024,-0.6531173493340502
4996,1.5670231817790727,6.877369152441614
4997,0.541332323704977,2.74540018042122
4998,-0.7050454803463981,-3.9094746218130085
4999,0.10789694618604034,0.6066436471697969
